index,FlightDate,Origin,Dest,Reporting_Airline,Tail_Number,Flight_Number_Reporting_Airline,CRSDepTime,DepTime,CRSArrTime,ArrTime,WheelsOff,WheelsOn,Cancelled
1156602,2000-12-05,LGA,DFW,AA,N629AA,709,540,539,836,824,549,808,False
1156603,2000-12-05,LGA,ATL,DL,N535DA,2017,600,600,819,812,610,802,False
1156604,2000-12-05,LGA,BOS,DL,N3736C,2180,600,600,659,658,615,654,False
1156605,2000-12-05,LGA,BOS,US,N104UW,6800,600,556,702,651,608,645,False
1156606,2000-12-05,LGA,CVG,DL,N121DE,1297,600,559,808,804,616,759,False
1156607,2000-12-05,LGA,DCA,DL,N395DN,2181,600,600,659,705,614,702,False
1156608,2000-12-05,LGA,DCA,US,N105UW,6849,600,557,701,659,610,653,False
1156609,2000-12-05,LGA,IAH,CO,N73256,1567,600,558,847,830,611,824,False
1156610,2000-12-05,LGA,STL,TW,N914TW,457,600,553,748,738,604,729,False
1156611,2000-12-05,BOS,LGA,DL,N3734B,2179,600,601,659,712,621,708,False
1156612,2000-12-05,BOS,LGA,US,N102UW,6801,600,558,712,709,615,658,False
1156613,2000-12-05,DCA,LGA,DL,N521DA,2182,600,9999,659,9999,9999,9999,True
1156614,2000-12-05,DCA,LGA,US,N111UW,6848,600,556,706,706,610,647,False
1156615,2000-12-05,ORD,LGA,AA,UNKNOW,398,600,9999,859,9999,9999,9999,True
1156616,2000-12-05,ORD,LGA,UA,N7261U,698,600,600,903,857,615,854,False
1156617,2000-12-05,LGA,MEM,NW,N363NW,635,600,559,754,745,612,740,False
1156618,2000-12-05,LGA,ORD,AA,UNKNOW,301,600,9999,721,9999,9999,9999,True
1156619,2000-12-05,LGA,ORD,UA,UNKNOW,699,600,9999,714,9999,9999,9999,True
1156620,2000-12-05,PIT,LGA,US,N353US,1630,605,601,730,736,629,726,False
1156621,2000-12-05,LGA,DEN,UA,N450UA,401,610,607,824,818,619,812,False
1156622,2000-12-05,CMH,LGA,US,N589US,920,612,608,750,739,621,732,False
1156623,2000-12-05,LGA,DFW,AA,N643AA,157,615,615,906,904,630,853,False
1156624,2000-12-05,LGA,DFW,DL,N642DL,527,615,616,919,857,629,852,False
1156625,2000-12-05,LGA,DTW,NW,N525US,257,615,611,814,807,627,757,False
1156626,2000-12-05,BUF,LGA,US,N563US,1975,615,608,734,738,632,730,False
1156627,2000-12-05,RIC,LGA,US,N528AU,1576,618,613,730,720,624,712,False
1156628,2000-12-05,LGA,BUF,US,N409US,1135,625,621,741,733,634,731,False
1156629,2000-12-05,LGA,MSP,NW,N353NW,719,625,621,830,817,632,800,False
1156630,2000-12-05,LGA,BOS,DL,N3731T,1820,630,630,734,726,644,719,False
1156631,2000-12-05,LGA,CLE,CO,N14731,1911,630,629,815,838,657,834,False
1156632,2000-12-05,LGA,CMH,US,N587US,296,630,627,819,815,643,810,False
1156633,2000-12-05,LGA,DCA,DL,N3732J,1741,630,630,734,737,650,733,False
1156634,2000-12-05,ATL,LGA,DL,N620DL,1270,630,632,835,833,644,818,False
1156635,2000-12-05,BNA,LGA,AA,N506AA,1088,630,627,938,947,651,942,False
1156636,2000-12-05,BOS,LGA,DL,N396DA,1821,630,633,737,744,656,740,False
1156637,2000-12-05,DCA,LGA,DL,N398DA,1740,630,631,737,720,642,717,False
1156638,2000-12-05,JAX,LGA,DL,N952DL,2070,630,632,840,842,649,832,False
1156639,2000-12-05,STL,LGA,TW,N402TW,308,630,628,945,949,640,944,False
1156640,2000-12-05,LGA,MCO,DL,N685DA,667,630,624,915,917,648,913,False
1156641,2000-12-05,LGA,MIA,AA,N5CSAA,1731,630,625,926,933,637,925,False
1156642,2000-12-05,LGA,ORD,AA,N3CDAA,303,630,633,750,813,645,809,False
1156643,2000-12-05,LGA,FLL,AA,N289AA,1619,635,630,940,938,641,928,False
1156644,2000-12-05,LGA,IND,US,N349US,411,635,628,858,846,652,843,False
1156645,2000-12-05,LGA,PIT,US,N625AU,1104,635,631,808,758,646,752,False
1156646,2000-12-05,LGA,ORF,US,N586US,1448,635,629,755,754,656,749,False
1156647,2000-12-05,LGA,RIC,US,N508AU,1826,640,635,805,829,719,822,False
1156648,2000-12-05,DTW,LGA,NW,N513US,346,640,701,825,902,732,846,False
1156649,2000-12-05,CLT,LGA,US,N762UW,1886,643,649,830,819,658,811,False
1156650,2000-12-05,LGA,CLT,US,N763UW,1054,645,641,849,842,706,838,False
1156651,2000-12-05,LGA,GSO,US,N412US,1621,645,641,832,821,701,818,False
1156652,2000-12-05,JAX,LGA,US,N287AU,2886,645,642,910,847,651,840,False
1156653,2000-12-05,ORF,LGA,US,N423US,584,645,641,810,756,651,744,False
1156654,2000-12-05,RDU,LGA,US,N419US,758,645,638,816,759,649,752,False
1156655,2000-12-05,ROC,LGA,US,N584US,1979,645,644,756,746,651,738,False
1156656,2000-12-05,STL,LGA,AA,N423AA,1618,645,640,1004,1002,654,953,False
1156657,2000-12-05,TPA,LGA,US,N241US,2690,646,648,930,933,655,925,False
1156658,2000-12-05,LGA,RDU,US,N713UW,1293,650,644,837,819,704,817,False
1156659,2000-12-05,DAL,LGA,AA,N2CJAA,2504,650,647,1118,1054,655,1051,False
1156660,2000-12-05,DFW,LGA,AA,N5EPAA,700,650,649,1116,1102,710,1059,False
1156661,2000-12-05,IAH,LGA,CO,N14341,1962,650,645,1120,1110,700,1104,False
1156662,2000-12-05,MCO,LGA,US,N260AU,2723,650,646,939,919,658,909,False
1156663,2000-12-05,LGA,MIA,AA,N5DEAA,671,652,702,955,1003,721,957,False
1156664,2000-12-05,MIA,LGA,UA,N949UA,376,655,653,1000,940,702,936,False
1156665,2000-12-05,PBI,LGA,US,N286AU,2636,655,649,958,942,702,934,False
1156666,2000-12-05,GSO,LGA,US,N335US,599,656,659,830,833,715,823,False
1156667,2000-12-05,LGA,ORD,AA,N438AA,305,659,658,833,840,731,832,False
1156668,2000-12-05,LGA,ATL,DL,N6713Y,1605,700,655,945,933,728,925,False
1156669,2000-12-05,LGA,BOS,US,N103UW,6802,700,645,812,747,702,742,False
1156670,2000-12-05,LGA,DCA,US,N112UW,6851,700,657,813,817,724,813,False
1156671,2000-12-05,LGA,FLL,DL,N139DL,407,700,654,1010,1021,730,1015,False
1156672,2000-12-05,LGA,STL,TW,N976TW,441,700,656,853,845,716,838,False
1156673,2000-12-05,LGA,TPA,US,N259AU,2729,700,702,1012,1013,733,1011,False
1156674,2000-12-05,BOS,LGA,US,N110UW,6803,700,647,818,802,703,749,False
1156675,2000-12-05,DCA,LGA,US,N106UW,6850,700,656,811,800,714,755,False
1156676,2000-12-05,FLL,LGA,AA,N532AA,614,700,657,951,1001,706,956,False
1156677,2000-12-05,MIA,LGA,AA,N537AA,1246,700,659,959,951,711,946,False
1156678,2000-12-05,ORD,LGA,AA,N461AA,394,700,658,1001,1015,716,1003,False
1156679,2000-12-05,ORD,LGA,UA,N537UA,696,700,701,1003,1002,713,957,False
1156680,2000-12-05,TPA,LGA,DL,N979DL,1456,700,700,929,950,719,939,False
1156681,2000-12-05,LGA,ORD,UA,N948UA,697,700,659,834,832,719,819,False
1156682,2000-12-05,LGA,DEN,UA,N445UA,1283,710,724,924,937,743,931,False
1156683,2000-12-05,HOU,LGA,AA,N295AA,1342,710,706,1135,1122,714,1117,False
1156684,2000-12-05,LGA,PBI,DL,N630DL,259,710,724,1009,1030,744,1023,False
1156685,2000-12-05,CVG,LGA,DL,N956DL,1244,715,9999,901,9999,9999,9999,True
1156686,2000-12-05,FLL,LGA,US,N257AU,2631,719,722,1027,1035,739,1026,False
1156687,2000-12-05,LGA,DTW,NW,N338NW,890,720,715,932,945,737,926,False
1156688,2000-12-05,LGA,JAX,US,UNKNOW,2983,720,9999,1011,9999,9999,9999,True
1156689,2000-12-05,LGA,HOU,AA,N294AA,1643,725,907,1027,1209,939,1204,False
1156690,2000-12-05,LGA,ROC,US,N744UW,528,725,722,849,834,740,828,False
1156691,2000-12-05,MSP,LGA,NW,N326US,1618,725,750,1100,1140,807,1129,False
1156692,2000-12-05,STL,LGA,TW,N939AS,468,728,725,1050,1059,747,1055,False
1156693,2000-12-05,LGA,DAL,AA,N2CYAA,2501,729,725,1029,1025,751,1021,False
1156694,2000-12-05,LGA,BOS,DL,N3734B,1822,730,733,846,838,749,828,False
1156695,2000-12-05,LGA,DCA,DL,N521DA,1743,730,730,847,840,745,829,False
1156696,2000-12-05,LGA,IAD,UA,N326UA,1819,730,725,859,840,747,834,False
1156697,2000-12-05,ATL,LGA,DL,N940DL,504,730,727,934,943,741,932,False
1156698,2000-12-05,BOS,LGA,DL,N3736C,1823,730,733,845,837,747,834,False
1156699,2000-12-05,DCA,LGA,DL,N395DN,1742,730,732,829,842,745,840,False
1156700,2000-12-05,DFW,LGA,DL,N613DL,654,730,730,1140,1153,745,1143,False
1156701,2000-12-05,IAD,LGA,UA,UNKNOW,1706,730,9999,845,9999,9999,9999,True
1156702,2000-12-05,LGA,ORD,UA,UNKNOW,695,730,9999,900,9999,9999,9999,True
1156703,2000-12-05,CLE,LGA,CO,N14704,1900,735,732,920,914,758,905,False
1156704,2000-12-05,PBI,LGA,DL,N612DL,260,745,746,1031,1035,757,1023,False
1156705,2000-12-05,LGA,ORD,AA,UNKNOW,307,745,9999,917,9999,9999,9999,True
1156706,2000-12-05,LGA,PHL,US,N120UW,653,745,738,857,845,800,841,False
1156707,2000-12-05,IAH,LGA,CO,N17321,1964,747,743,1218,1202,759,1157,False
1156708,2000-12-05,LGA,BNA,AA,N203AA,693,750,746,925,907,756,859,False
1156709,2000-12-05,LGA,FLL,US,N253AU,2995,750,744,1113,1058,803,1053,False
1156710,2000-12-05,FLL,LGA,DL,N628DL,658,750,755,1042,1055,818,1047,False
1156711,2000-12-05,LGA,STL,AA,N554AA,1615,755,754,943,946,823,942,False
1156712,2000-12-05,DEN,LGA,UA,N539UA,400,755,759,1331,1324,816,1319,False
1156713,2000-12-05,MCO,LGA,DL,N969DL,236,755,752,1027,1034,806,1025,False
1156714,2000-12-05,PIT,LGA,US,N415US,950,755,806,933,1020,856,1010,False
1156715,2000-12-05,LGA,DFW,AA,N432AA,717,759,800,1107,1120,828,1053,False
1156716,2000-12-05,LGA,IAH,CO,N12322,1969,759,800,1054,1133,906,1129,False
1156717,2000-12-05,LGA,MSP,NW,N542US,305,759,759,1016,956,824,952,False
1156718,2000-12-05,LGA,ATL,DL,N905DL,305,800,9999,1035,9999,9999,9999,True
1156719,2000-12-05,LGA,BOS,US,N102UW,6804,800,755,913,855,813,849,False
1156720,2000-12-05,LGA,DCA,US,N111UW,6853,800,756,915,913,817,904,False
1156721,2000-12-05,ATL,LGA,DL,N988DL,758,800,757,1005,1019,813,1006,False
1156722,2000-12-05,BOS,LGA,US,N104UW,6805,800,759,918,912,821,903,False
1156723,2000-12-05,CLT,LGA,US,N780AU,516,800,800,1001,954,812,949,False
1156724,2000-12-05,DCA,LGA,US,N105UW,6852,800,756,920,934,835,927,False
1156725,2000-12-05,ORD,LGA,AA,N245AA,390,800,757,1108,1125,817,1119,False
1156726,2000-12-05,ORD,LGA,UA,N7295U,694,800,758,1111,1108,809,1102,False
1156727,2000-12-05,LGA,MCO,US,N273AU,2987,800,800,1101,1055,827,1052,False
1156728,2000-12-05,LGA,ORD,AA,N3BPAA,309,800,812,934,941,833,933,False
1156729,2000-12-05,LGA,ORD,UA,N7441U,693,800,802,931,913,818,910,False
1156730,2000-12-05,MIA,LGA,AA,N5BPAA,1132,805,800,1103,1047,816,1044,False
1156731,2000-12-05,LGA,CLT,US,N353US,309,807,804,1015,1027,834,1024,False
1156732,2000-12-05,LGA,DEN,UA,N438UA,415,810,806,1045,1043,830,1035,False
1156733,2000-12-05,DFW,LGA,AA,N635AA,708,810,807,1225,1219,829,1215,False
1156734,2000-12-05,LGA,MSY,US,N528AU,943,810,804,1049,1027,826,1023,False
1156735,2000-12-05,LGA,CLT,US,N563US,1975,814,809,1022,1013,840,1009,False
1156736,2000-12-05,LGA,TPA,AA,N556AA,1005,824,822,1130,1121,846,1118,False
1156737,2000-12-05,LGA,ATL,DL,N131DN,999,830,833,1114,1106,902,1101,False
1156738,2000-12-05,LGA,BOS,DL,N497DA,1824,830,830,942,951,858,941,False
1156739,2000-12-05,LGA,BUF,US,N589US,547,830,826,1002,945,844,942,False
1156740,2000-12-05,LGA,DCA,DL,N398DA,1745,830,830,946,944,858,941,False
1156741,2000-12-05,LGA,STL,TW,N712TW,343,830,829,1023,1018,855,1014,False
1156742,2000-12-05,ATL,LGA,DL,N917DE,506,830,824,1039,1045,844,1035,False
1156743,2000-12-05,BOS,LGA,DL,N3731T,1825,830,828,943,955,859,951,False
1156744,2000-12-05,DCA,LGA,DL,N3732J,1744,830,831,935,1003,912,1000,False
1156745,2000-12-05,LGA,DFW,AA,N610AA,721,835,832,1141,1123,854,1116,False
1156746,2000-12-05,RIC,LGA,US,N508AU,1052,840,848,955,1024,905,1015,False
1156747,2000-12-05,DTW,LGA,NW,N339NW,522,845,950,1023,1220,1058,1211,False
1156748,2000-12-05,MEM,LGA,NW,N313NB,630,850,850,1214,1216,906,1208,False
1156749,2000-12-05,LGA,PIT,US,N423US,1443,855,857,1040,1046,926,1042,False
1156750,2000-12-05,LGA,ATL,DL,N999DN,631,900,903,1142,1133,934,1129,False
1156751,2000-12-05,LGA,BOS,US,N110UW,6806,900,857,1017,1005,921,958,False
1156752,2000-12-05,LGA,DCA,US,N106UW,6855,900,856,1018,1008,919,1004,False
1156753,2000-12-05,ATL,LGA,DL,N992DL,2054,900,9999,1112,9999,9999,9999,True
1156754,2000-12-05,BOS,LGA,US,N758UW,6807,900,857,1017,1040,928,1033,False
1156755,2000-12-05,DCA,LGA,US,N112UW,6854,900,911,1017,1035,933,1028,False
1156756,2000-12-05,ORD,LGA,AA,N577AA,386,900,858,1201,1159,919,1153,False
1156757,2000-12-05,ORD,LGA,UA,N7448U,692,900,907,1206,1204,927,1200,False
1156758,2000-12-05,LGA,MIA,AA,N3BUAA,1551,900,900,1216,1216,938,1208,False
1156759,2000-12-05,LGA,ORD,AA,N3AKAA,313,900,901,1028,1027,923,1019,False
1156760,2000-12-05,LGA,ORD,UA,N7272U,895,900,906,1037,1042,935,1038,False
1156761,2000-12-05,LGA,CLT,US,N419US,1007,901,856,1117,1057,922,1053,False
1156762,2000-12-05,CLT,LGA,US,N532AU,1485,903,900,1059,1043,909,1037,False
1156763,2000-12-05,PIT,LGA,US,N448US,1244,906,902,1036,1050,936,1041,False
1156764,2000-12-05,LGA,GSO,US,N335US,2362,910,905,1116,1102,930,1054,False
1156765,2000-12-05,LGA,PIT,US,N762UW,567,910,907,1105,1053,931,1049,False
1156766,2000-12-05,CVG,LGA,DL,N920DE,2176,910,905,1059,1119,921,1110,False
1156767,2000-12-05,TPA,LGA,US,N256AU,2676,910,908,1154,1143,917,1136,False
1156768,2000-12-05,LGA,DFW,AA,N464AA,729,915,911,1224,1211,943,1206,False
1156769,2000-12-05,DFW,LGA,AA,UNKNOW,710,915,9999,1329,9999,9999,9999,True
1156770,2000-12-05,LGA,DTW,NW,N524US,69,920,930,1127,1136,955,1131,False
1156771,2000-12-05,ROC,LGA,US,N744UW,1237,924,918,1038,1052,933,1043,False
1156772,2000-12-05,DEN,LGA,UA,N450UA,404,925,1001,1503,1550,1033,1543,False
1156773,2000-12-05,LGA,CLE,CO,N14342,1901,929,925,1120,1119,958,1113,False
1156774,2000-12-05,LGA,ATL,DL,N952DL,2175,930,927,1210,1155,950,1147,False
1156775,2000-12-05,LGA,BOS,DL,N3736C,1826,930,929,1042,1042,954,1033,False
1156776,2000-12-05,LGA,DCA,DL,N395DN,1747,930,929,1047,1037,952,1035,False
1156777,2000-12-05,LGA,IAD,UA,N7262U,1227,930,927,1058,1037,947,1033,False
1156778,2000-12-05,ATL,LGA,DL,N651DL,1200,930,936,1137,1145,948,1132,False
1156779,2000-12-05,BOS,LGA,DL,N3734B,1827,930,932,1046,1055,953,1053,False
1156780,2000-12-05,CLT,LGA,US,N511AU,1198,930,933,1132,1119,947,1112,False
1156781,2000-12-05,DCA,LGA,DL,N496DA,1746,930,930,1031,1042,946,1039,False
1156782,2000-12-05,IAD,LGA,UA,N942UA,1704,930,925,1046,1033,937,1030,False
1156783,2000-12-05,LGA,MCO,AA,N237AA,1343,930,930,1229,1223,949,1213,False
1156784,2000-12-05,LGA,CVG,DL,N620DL,671,935,934,1150,1157,1008,1151,False
1156785,2000-12-05,LGA,TPA,US,N287AU,2663,943,941,1308,1242,1006,1239,False
1156786,2000-12-05,IAH,LGA,CO,N59338,1966,945,941,1417,1407,1007,1400,False
1156787,2000-12-05,MCO,LGA,US,N254AU,2688,950,949,1237,1214,1000,1208,False
1156788,2000-12-05,RDU,LGA,US,N385US,311,951,948,1129,1114,957,1108,False
1156789,2000-12-05,CMH,LGA,US,N384US,286,956,952,1134,1132,959,1127,False
1156790,2000-12-05,LGA,ATL,DL,N956DL,1472,1000,9999,1238,9999,9999,9999,True
1156791,2000-12-05,LGA,BOS,US,N104UW,6808,1000,956,1121,1058,1018,1053,False
1156792,2000-12-05,LGA,DCA,US,N105UW,6857,1000,1005,1130,1113,1024,1108,False
1156793,2000-12-05,LGA,IAH,CO,N14704,1249,1000,1013,1252,1247,1025,1243,False
1156794,2000-12-05,BOS,LGA,US,N102UW,6809,1000,958,1121,1147,1050,1139,False
1156795,2000-12-05,DCA,LGA,US,N111UW,6856,1000,959,1119,1114,1015,1106,False
1156796,2000-12-05,ORD,LGA,AA,UNKNOW,382,1000,9999,1254,9999,9999,9999,True
1156797,2000-12-05,ORD,LGA,UA,N7289U,690,1000,1017,1300,1307,1027,1303,False
1156798,2000-12-05,LGA,ORD,AA,UNKNOW,317,1000,9999,1130,9999,9999,9999,True
1156799,2000-12-05,LGA,ORD,UA,N7261U,689,1000,955,1136,1106,1012,1103,False
1156800,2000-12-05,LGA,PBI,US,N241US,2990,1003,1015,1347,1327,1034,1323,False
1156801,2000-12-05,DTW,LGA,NW,N333NW,524,1010,1022,1148,1302,1138,1255,False
1156802,2000-12-05,STL,LGA,TW,N929TW,140,1010,1008,1330,1339,1043,1334,False
1156803,2000-12-05,MCO,LGA,DL,N685DA,344,1015,1013,1242,1245,1027,1228,False
1156804,2000-12-05,LGA,MCO,US,N260AU,2685,1015,1013,1331,1301,1032,1258,False
1156805,2000-12-05,LGA,MEM,NW,N342NW,880,1015,1012,1207,1206,1029,1157,False
1156806,2000-12-05,LGA,CLT,US,N415US,359,1020,1053,1243,1301,1119,1256,False
1156807,2000-12-05,LGA,DFW,AA,N506AA,731,1020,1023,1334,1314,1035,1255,False
1156808,2000-12-05,LGA,TPA,DL,N979DL,1247,1025,1028,1318,1332,1053,1327,False
1156809,2000-12-05,DEN,LGA,UA,UNKNOW,402,1025,9999,1601,9999,9999,9999,True
1156810,2000-12-05,LGA,MCO,DL,N940DL,1601,1025,1022,1310,1311,1046,1306,False
1156811,2000-12-05,LGA,STL,TW,N402TW,307,1029,1024,1216,1209,1041,1205,False
1156812,2000-12-05,LGA,BOS,DL,N3731T,1828,1030,1031,1137,1129,1045,1123,False
1156813,2000-12-05,LGA,DCA,DL,N3732J,1749,1030,1029,1139,1139,1050,1134,False
1156814,2000-12-05,ATL,LGA,DL,N699DL,512,1030,1030,1241,1248,1051,1239,False
1156815,2000-12-05,BOS,LGA,DL,N497DA,1829,1030,1030,1143,1200,1105,1156,False
1156816,2000-12-05,DCA,LGA,DL,N398DA,1748,1030,1029,1136,1124,1040,1121,False
1156817,2000-12-05,LGA,RSW,US,N286AU,2628,1031,1034,1425,1336,1048,1333,False
1156818,2000-12-05,LGA,BNA,AA,N532AA,1195,1035,1032,1204,1151,1042,1145,False
1156819,2000-12-05,LGA,RIC,US,N508AU,471,1035,1037,1223,1211,1058,1202,False
1156820,2000-12-05,BUF,LGA,US,N589US,867,1037,1031,1157,1157,1059,1150,False
1156821,2000-12-05,FLL,LGA,US,N279AU,2991,1044,1101,1359,1354,1114,1346,False
1156822,2000-12-05,LGA,FLL,AA,N537AA,643,1045,1102,1357,1413,1125,1407,False
1156823,2000-12-05,LGA,STL,AA,N423AA,1635,1045,1040,1223,1230,1059,1225,False
1156824,2000-12-05,LGA,CLT,US,N780AU,863,1046,1043,1309,1230,1056,1227,False
1156825,2000-12-05,DFW,LGA,AA,N426AA,712,1050,1054,1511,1513,1116,1506,False
1156826,2000-12-05,CVG,LGA,DL,N978DL,1018,1055,1051,1240,1237,1105,1227,False
1156827,2000-12-05,LGA,ATL,DL,N988DL,615,1100,1057,1330,1323,1120,1316,False
1156828,2000-12-05,LGA,BOS,US,N103UW,6810,1100,1056,1222,1158,1116,1155,False
1156829,2000-12-05,LGA,DCA,US,N112UW,6859,1100,1101,1225,1209,1122,1205,False
1156830,2000-12-05,LGA,FLL,US,N257AU,2721,1100,1119,1438,1432,1134,1429,False
1156831,2000-12-05,BOS,LGA,US,N110UW,6811,1100,1058,1218,1221,1113,1203,False
1156832,2000-12-05,DCA,LGA,US,N106UW,6858,1100,1058,1210,1153,1106,1148,False
1156833,2000-12-05,ORD,LGA,AA,N583AA,378,1100,1103,1355,1355,1115,1349,False
1156834,2000-12-05,ORD,LGA,UA,N7286U,896,1100,1104,1401,1359,1120,1354,False
1156835,2000-12-05,LGA,ORD,AA,N461AA,321,1100,1057,1233,1220,1118,1212,False
1156836,2000-12-05,LGA,ORD,UA,N949UA,687,1100,1100,1239,1255,1149,1251,False
1156837,2000-12-05,LGA,DTW,NW,N339NW,539,1103,1301,1305,1446,1311,1440,False
1156838,2000-12-05,CLE,LGA,CO,N47332,1902,1105,1103,1237,1248,1126,1241,False
1156839,2000-12-05,MIA,LGA,AA,N595AA,1194,1105,1124,1412,1438,1155,1435,False
1156840,2000-12-05,IAH,LGA,CO,N63305,1968,1110,1120,1541,1551,1149,1541,False
1156841,2000-12-05,MSP,LGA,NW,N314US,560,1115,1110,1450,1451,1132,1443,False
1156842,2000-12-05,LGA,DEN,UA,N537UA,405,1120,1123,1339,1330,1135,1326,False
1156843,2000-12-05,LGA,BUF,US,N448US,2316,1121,1113,1303,1229,1131,1226,False
1156844,2000-12-05,STL,LGA,TW,N921TW,306,1123,1122,1439,1449,1139,1442,False
1156845,2000-12-05,DEN,LGA,UA,N411UA,414,1125,1234,1703,1758,1247,1752,False
1156846,2000-12-05,MSY,LGA,US,N528AU,535,1129,1130,1545,1535,1151,1526,False
1156847,2000-12-05,LGA,ATL,DL,N969DL,514,1130,1131,1400,1359,1156,1349,False
1156848,2000-12-05,LGA,BOS,DL,N3734B,1830,1130,1130,1239,1226,1145,1220,False
1156849,2000-12-05,LGA,DCA,DL,N496DA,1751,1130,1130,1239,1235,1144,1229,False
1156850,2000-12-05,LGA,DFW,DL,N917DE,381,1130,1129,1436,1431,1147,1415,False
1156851,2000-12-05,LGA,IAD,UA,N942UA,1715,1130,1125,1254,1239,1141,1234,False
1156852,2000-12-05,LGA,PIT,US,N744UW,1265,1130,1122,1325,1305,1151,1258,False
1156853,2000-12-05,ATL,LGA,DL,N992DL,1616,1130,1133,1335,1342,1145,1329,False
1156854,2000-12-05,BOS,LGA,DL,N3736C,1831,1130,1130,1239,1238,1145,1235,False
1156855,2000-12-05,DCA,LGA,DL,N395DN,1750,1130,1130,1225,1246,1150,1244,False
1156856,2000-12-05,IAD,LGA,UA,N940UA,1702,1130,1125,1246,1241,1148,1236,False
1156857,2000-12-05,FLL,LGA,DL,N122DL,406,1135,1147,1429,1435,1157,1421,False
1156858,2000-12-05,MCO,LGA,AA,N5CTAA,1348,1135,1154,1403,1417,1207,1412,False
1156859,2000-12-05,PIT,LGA,US,N700UW,1252,1135,1133,1307,1254,1144,1247,False
1156860,2000-12-05,LGA,PIT,US,N532AU,883,1139,1137,1334,1307,1154,1302,False
1156861,2000-12-05,LGA,STL,TW,N939AS,649,1140,1137,1335,1326,1158,1323,False
1156862,2000-12-05,PIT,LGA,US,N423US,1802,1140,1136,1312,1255,1148,1249,False
1156863,2000-12-05,LGA,MCO,DL,N612DL,421,1145,1143,1429,1431,1201,1426,False
1156864,2000-12-05,RSW,LGA,US,N275AU,2652,1148,1150,1447,1522,1238,1512,False
1156865,2000-12-05,LGA,DAL,AA,N2CJAA,2505,1150,1147,1448,1452,1206,1450,False
1156866,2000-12-05,LGA,PBI,DL,N920DE,609,1150,1219,1447,1457,1234,1452,False
1156867,2000-12-05,GSO,LGA,US,N335US,2363,1151,1149,1327,1316,1158,1309,False
1156868,2000-12-05,DFW,LGA,AA,UNKNOW,716,1153,9999,1615,9999,9999,9999,True
1156869,2000-12-05,DTW,LGA,NW,N322US,88,1155,1213,1333,1351,1231,1344,False
1156870,2000-12-05,LGA,ATL,DL,N628DL,917,1200,1204,1436,1424,1223,1419,False
1156871,2000-12-05,LGA,BOS,US,N751UW,6812,1200,1155,1322,1320,1232,1313,False
1156872,2000-12-05,LGA,DCA,US,N111UW,6861,1200,1156,1322,1259,1209,1257,False
1156873,2000-12-05,LGA,DFW,AA,N5BPAA,739,1200,1200,1501,1445,1214,1439,False
1156874,2000-12-05,LGA,IAH,CO,N14341,1961,1200,1159,1456,1452,1220,1444,False
1156875,2000-12-05,ATL,LGA,DL,N653DL,540,1200,1157,1410,1422,1228,1410,False
1156876,2000-12-05,BOS,LGA,US,N104UW,6815,1200,1200,1318,1305,1215,1258,False
1156877,2000-12-05,DCA,LGA,US,N105UW,6860,1200,1155,1309,1303,1209,1254,False
1156878,2000-12-05,ORD,LGA,AA,UNKNOW,374,1200,9999,1500,9999,9999,9999,True
1156879,2000-12-05,ORD,LGA,UA,N420UA,686,1200,1219,1514,1538,1252,1531,False
1156880,2000-12-05,LGA,MSP,NW,N326US,505,1200,1214,1404,1411,1233,1406,False
1156881,2000-12-05,LGA,ORD,AA,N245AA,325,1200,1153,1333,1330,1222,1320,False
1156882,2000-12-05,LGA,ORD,UA,N7295U,685,1200,1153,1329,1333,1231,1330,False
1156883,2000-12-05,JAX,LGA,US,N267AU,2986,1201,1156,1430,1423,1217,1418,False
1156884,2000-12-05,CLT,LGA,US,N418US,816,1205,1203,1359,1400,1228,1350,False
1156885,2000-12-05,LGA,RDU,US,N384US,564,1209,1201,1413,1335,1216,1331,False
1156886,2000-12-05,LGA,JAX,DL,N905DL,2295,1210,1202,1445,1443,1226,1435,False
1156887,2000-12-05,TPA,LGA,AA,N556AA,1050,1210,1200,1449,1449,1217,1437,False
1156888,2000-12-05,LGA,ROC,US,N511AU,1198,1212,1206,1349,1320,1220,1312,False
1156889,2000-12-05,LGA,CLT,US,N385US,973,1214,1213,1437,1405,1228,1400,False
1156890,2000-12-05,PBI,LGA,DL,N126DL,702,1220,1224,1506,1519,1239,1458,False
1156891,2000-12-05,LGA,HOU,AA,N295AA,1669,1229,1225,1532,1527,1242,1522,False
1156892,2000-12-05,MCO,LGA,US,N242US,2625,1229,1223,1526,1518,1245,1501,False
1156893,2000-12-05,LGA,BOS,DL,N396DA,1832,1230,1230,1339,1337,1253,1330,False
1156894,2000-12-05,LGA,DCA,DL,N398DA,1753,1230,1230,1343,1338,1252,1335,False
1156895,2000-12-05,ATL,LGA,DL,N942DL,526,1230,1234,1438,1518,1308,1456,False
1156896,2000-12-05,BOS,LGA,DL,N3731T,1833,1230,1235,1338,1339,1251,1336,False
1156897,2000-12-05,DCA,LGA,DL,N3732J,1752,1230,1228,1333,1324,1239,1320,False
1156898,2000-12-05,LGA,MCO,US,N256AU,2691,1230,1303,1546,1549,1320,1543,False
1156899,2000-12-05,LGA,DTW,NW,N333NW,87,1233,1327,1427,1514,1348,1510,False
1156900,2000-12-05,DEN,LGA,UA,N581UA,406,1235,1256,1815,1900,1351,1853,False
1156901,2000-12-05,LGA,MIA,AA,N5EPAA,1013,1236,1237,1542,1541,1258,1535,False
1156902,2000-12-05,LGA,ORF,US,N589US,867,1237,1227,1419,1338,1247,1335,False
1156903,2000-12-05,LGA,FLL,DL,N613DL,263,1240,1254,1545,1536,1307,1533,False
1156904,2000-12-05,PBI,LGA,US,N269AU,2695,1242,1250,1545,1553,1309,1545,False
1156905,2000-12-05,BNA,LGA,AA,N532AA,1192,1250,1248,1552,1614,1321,1609,False
1156906,2000-12-05,DFW,LGA,AA,N5DBAA,722,1250,1250,1716,1721,1325,1712,False
1156907,2000-12-05,MEM,LGA,NW,N750NW,632,1255,1323,1635,1731,1353,1701,False
1156908,2000-12-05,RIC,LGA,US,N508AU,480,1258,1252,1416,1418,1308,1403,False
1156909,2000-12-05,LGA,ATL,DL,N651DL,619,1300,1300,1531,1509,1312,1503,False
1156910,2000-12-05,LGA,BOS,US,N110UW,6814,1300,1256,1427,1351,1308,1346,False
1156911,2000-12-05,LGA,DCA,US,N106UW,6863,1300,1257,1428,1354,1310,1353,False
1156912,2000-12-05,ATL,LGA,DL,N912DE,2062,1300,9999,1515,9999,9999,9999,True
1156913,2000-12-05,BOS,LGA,US,N103UW,6817,1300,1259,1416,1410,1315,1357,False
1156914,2000-12-05,DCA,LGA,US,N112UW,6862,1300,1258,1412,1410,1316,1358,False
1156915,2000-12-05,ORD,LGA,AA,N274AA,370,1300,1300,1600,1555,1316,1550,False
1156916,2000-12-05,ORD,LGA,UA,N555UA,684,1300,1335,1605,1630,1350,1626,False
1156917,2000-12-05,STL,LGA,TW,N705TW,114,1300,1258,1619,1639,1335,1633,False
1156918,2000-12-05,LGA,ORD,AA,N577AA,329,1300,1257,1432,1450,1344,1443,False
1156919,2000-12-05,LGA,ORD,UA,N7448U,683,1300,1302,1428,1448,1355,1444,False
1156920,2000-12-05,LGA,JAX,US,N254AU,2985,1310,1304,1614,1525,1319,1521,False
1156921,2000-12-05,DFW,LGA,AA,N568AA,724,1310,1307,1747,1747,1332,1721,False
1156922,2000-12-05,MSP,LGA,NW,N309NB,1762,1310,1420,1648,1820,1442,1755,False
1156923,2000-12-05,DAL,LGA,AA,N2CTAA,2520,1315,1312,1739,1727,1326,1718,False
1156924,2000-12-05,IAH,LGA,CO,N69348,1970,1315,1403,1747,1843,1428,1833,False
1156925,2000-12-05,STL,LGA,AA,N423AA,1668,1315,1310,1632,1652,1340,1641,False
1156926,2000-12-05,LGA,CLE,CO,N47332,1905,1320,1327,1459,1506,1343,1459,False
1156927,2000-12-05,LGA,DFW,AA,N635AA,745,1320,1320,1618,1618,1331,1553,False
1156928,2000-12-05,MIA,LGA,AA,N5EEAA,2160,1327,1328,1630,1617,1355,1613,False
1156929,2000-12-05,LGA,MSP,NW,N313NB,1547,1329,1334,1524,1519,1351,1514,False
1156930,2000-12-05,LGA,BOS,DL,N3736C,1834,1330,1330,1438,1436,1346,1423,False
1156931,2000-12-05,LGA,CVG,DL,N978DL,1871,1330,1327,1535,1538,1349,1533,False
1156932,2000-12-05,LGA,DCA,DL,N395DN,1755,1330,1329,1440,1434,1346,1427,False
1156933,2000-12-05,LGA,IAD,UA,N940UA,1711,1330,1327,1454,1431,1337,1428,False
1156934,2000-12-05,ATL,LGA,DL,N646DL,1446,1330,1335,1539,1548,1350,1538,False
1156935,2000-12-05,BOS,LGA,DL,N3734B,1835,1330,1330,1433,1444,1346,1438,False
1156936,2000-12-05,CLT,LGA,US,N560AU,1155,1330,1341,1529,1544,1409,1532,False
1156937,2000-12-05,DCA,LGA,DL,N496DA,1754,1330,1330,1428,1436,1343,1433,False
1156938,2000-12-05,DTW,LGA,NW,N506US,1109,1332,1331,1518,1524,1351,1513,False
1156939,2000-12-05,IAD,LGA,UA,N942UA,1708,1334,1351,1450,1457,1406,1454,False
1156940,2000-12-05,HOU,LGA,AA,N533AA,1436,1335,1343,1812,1808,1354,1801,False
1156941,2000-12-05,BUF,LGA,US,N448US,248,1339,1332,1459,1504,1342,1457,False
1156942,2000-12-05,LGA,MCO,DL,N699DL,257,1345,1345,1626,1634,1412,1629,False
1156943,2000-12-05,LGA,CLT,US,N700UW,1849,1347,1346,1610,1531,1356,1527,False
1156944,2000-12-05,LGA,IAH,CO,N17321,1977,1350,1352,1645,1639,1405,1632,False
1156945,2000-12-05,PIT,LGA,US,N507AU,1031,1350,1348,1519,1522,1407,1510,False
1156946,2000-12-05,LGA,ORD,AA,N402AA,333,1359,1400,1526,1540,1429,1534,False
1156947,2000-12-05,LGA,ATL,DL,N685DA,1287,1400,1358,1641,1650,1444,1642,False
1156948,2000-12-05,LGA,BOS,US,N104UW,6816,1400,1358,1525,1448,1409,1442,False
1156949,2000-12-05,LGA,CLT,US,N423US,477,1400,1354,1623,1613,1422,1555,False
1156950,2000-12-05,LGA,DCA,US,N754UW,6865,1400,1356,1524,1457,1410,1453,False
1156951,2000-12-05,BOS,LGA,US,N751UW,6819,1400,1406,1517,1528,1418,1520,False
1156952,2000-12-05,DCA,LGA,US,N111UW,6864,1400,1358,1521,1530,1429,1521,False
1156953,2000-12-05,IND,LGA,US,N354US,708,1400,1354,1559,1541,1411,1534,False
1156954,2000-12-05,MCO,LGA,DL,N940DL,1160,1400,1408,1630,1733,1450,1709,False
1156955,2000-12-05,ORD,LGA,AA,N3AEAA,366,1400,1412,1709,1700,1422,1657,False
1156956,2000-12-05,ORD,LGA,UA,N7448U,682,1400,1522,1715,1840,1549,1832,False
1156957,2000-12-05,PIT,LGA,US,N744UW,1048,1400,1358,1529,1522,1414,1516,False
1156958,2000-12-05,LGA,ORD,UA,N7289U,681,1400,1401,1527,1520,1420,1513,False
1156959,2000-12-05,LGA,CMH,US,N335US,1676,1407,1359,1618,1543,1414,1539,False
1156960,2000-12-05,TPA,LGA,US,N288AU,2980,1410,1425,1654,1733,1443,1704,False
1156961,2000-12-05,DFW,LGA,AA,N596AA,736,1415,1415,1852,1851,1433,1819,False
1156962,2000-12-05,LGA,MEM,NW,N322US,261,1415,1421,1610,1607,1432,1601,False
1156963,2000-12-05,LGA,DFW,AA,UNKNOW,753,1420,9999,1728,9999,9999,9999,True
1156964,2000-12-05,ROC,LGA,US,N511AU,1462,1424,1422,1538,1632,1453,1612,False
1156965,2000-12-05,LGA,STL,TW,N929TW,519,1425,1423,1611,1610,1437,1603,False
1156966,2000-12-05,LGA,BOS,DL,N3731T,1836,1430,1431,1536,1537,1451,1529,False
1156967,2000-12-05,LGA,DCA,DL,N3732J,1757,1430,1431,1539,1543,1456,1538,False
1156968,2000-12-05,LGA,DEN,UA,N539UA,1179,1430,1429,1647,1645,1445,1640,False
1156969,2000-12-05,ATL,LGA,DL,N994DL,554,1430,1430,1638,1654,1448,1639,False
1156970,2000-12-05,BOS,LGA,DL,N396DA,1837,1430,1431,1539,1558,1453,1556,False
1156971,2000-12-05,DCA,LGA,DL,N398DA,1756,1430,1429,1531,1537,1444,1535,False
1156972,2000-12-05,DFW,LGA,DL,N999DN,2144,1430,1445,1850,1924,1510,1857,False
1156973,2000-12-05,TPA,LGA,DL,N979DL,1792,1430,1424,1701,1731,1444,1707,False
1156974,2000-12-05,IAH,LGA,CO,N14324,1832,1432,1552,1858,2032,1625,2026,False
1156975,2000-12-05,LGA,RSW,US,N279AU,2662,1433,1426,1827,1730,1438,1726,False
1156976,2000-12-05,MSP,LGA,NW,N537US,510,1435,1542,1811,1940,1614,1922,False
1156977,2000-12-05,CLE,LGA,CO,N15712,1910,1440,1436,1613,1628,1454,1607,False
1156978,2000-12-05,FLL,LGA,AA,N537AA,626,1440,1454,1742,1746,1507,1741,False
1156979,2000-12-05,CLT,LGA,US,N409US,910,1449,1446,1653,1731,1536,1702,False
1156980,2000-12-05,RDU,LGA,US,N384US,366,1452,1449,1630,1654,1528,1643,False
1156981,2000-12-05,ORF,LGA,US,N589US,739,1454,1513,1627,1637,1526,1630,False
1156982,2000-12-05,CVG,LGA,DL,N130DL,1008,1455,1455,1653,1707,1514,1649,False
1156983,2000-12-05,LGA,MIA,AA,N595AA,1897,1455,1530,1814,1833,1549,1830,False
1156984,2000-12-05,LGA,PIT,US,N508AU,1149,1456,1456,1651,1634,1526,1629,False
1156985,2000-12-05,LGA,ORD,AA,N583AA,337,1459,1501,1640,1635,1529,1628,False
1156986,2000-12-05,LGA,ATL,DL,N992DL,625,1500,1454,1732,1730,1527,1722,False
1156987,2000-12-05,LGA,BOS,US,N103UW,6818,1500,1459,1630,1617,1523,1609,False
1156988,2000-12-05,LGA,DCA,US,N112UW,6867,1500,1458,1630,1611,1525,1606,False
1156989,2000-12-05,LGA,IAH,CO,N59338,1975,1500,1456,1758,1800,1530,1753,False
1156990,2000-12-05,ATL,LGA,DL,N977DL,996,1500,9999,1707,9999,9999,9999,True
1156991,2000-12-05,BOS,LGA,US,N110UW,6821,1500,1501,1617,1633,1516,1627,False
1156992,2000-12-05,DCA,LGA,US,N106UW,6866,1500,1459,1616,1629,1518,1610,False
1156993,2000-12-05,DTW,LGA,NW,N333NW,520,1500,1552,1659,1738,1614,1727,False
1156994,2000-12-05,ORD,LGA,AA,N3CCAA,362,1500,1502,1806,1800,1517,1753,False
1156995,2000-12-05,ORD,LGA,UA,N7455U,680,1500,1630,1812,1931,1655,1924,False
1156996,2000-12-05,RSW,LGA,US,N286AU,2655,1500,1527,1759,1838,1543,1813,False
1156997,2000-12-05,LGA,ORD,UA,N7286U,679,1500,1458,1624,1622,1519,1619,False
1156998,2000-12-05,LGA,TPA,US,N267AU,2994,1502,1509,1827,1811,1536,1808,False
1156999,2000-12-05,CLT,LGA,US,UNKNOW,934,1515,9999,1712,9999,9999,9999,True
1157000,2000-12-05,LGA,FLL,US,N275AU,2703,1520,1613,1858,1946,1643,1944,False
1157001,2000-12-05,MIA,LGA,AA,N3CAAA,940,1521,1523,1827,1836,1603,1830,False
1157002,2000-12-05,LGA,DFW,AA,N5CTAA,761,1527,1533,1827,1834,1602,1829,False
1157003,2000-12-05,LGA,TPA,AA,N556AA,1621,1529,1529,1831,1832,1556,1829,False
1157004,2000-12-05,LGA,ATL,DL,N653DL,1733,1530,1528,1812,1803,1600,1754,False
1157005,2000-12-05,LGA,BOS,DL,N496DA,1838,1530,1530,1640,1702,1607,1651,False
1157006,2000-12-05,LGA,DCA,DL,N3734B,1759,1530,1530,1641,1651,1552,1647,False
1157007,2000-12-05,LGA,IAD,UA,N942UA,1455,1530,1531,1654,1654,1555,1650,False
1157008,2000-12-05,ATL,LGA,DL,N603DL,478,1530,1532,1740,1741,1547,1732,False
1157009,2000-12-05,BOS,LGA,DL,N529DA,1839,1530,1525,1643,1648,1552,1644,False
1157010,2000-12-05,CLT,LGA,US,N514AU,1142,1530,1559,1727,1819,1634,1758,False
1157011,2000-12-05,DCA,LGA,DL,N395DN,1758,1530,1530,1639,1639,1545,1635,False
1157012,2000-12-05,MCO,LGA,DL,N900DE,298,1530,1527,1804,1845,1552,1815,False
1157013,2000-12-05,IAD,LGA,UA,N940UA,1716,1534,1631,1650,1737,1645,1734,False
1157014,2000-12-05,LGA,STL,TW,N921TW,575,1535,1536,1726,1728,1603,1723,False
1157015,2000-12-05,JAX,LGA,DL,N905DL,2082,1540,1541,1750,1820,1554,1746,False
1157016,2000-12-05,LGA,MSP,NW,N314US,149,1540,1535,1749,1726,1551,1721,False
1157017,2000-12-05,LGA,PIT,US,N448US,387,1544,1536,1739,1714,1608,1708,False
1157018,2000-12-05,LGA,CVG,DL,N942DL,967,1550,1607,1757,1824,1637,1819,False
1157019,2000-12-05,DEN,LGA,UA,N442UA,408,1550,1606,2127,2143,1627,2137,False
1157020,2000-12-05,LGA,DEN,UA,N420UA,1221,1555,1627,1814,1902,1658,1852,False
1157021,2000-12-05,LGA,PIT,US,N507AU,539,1559,1555,1754,1734,1621,1726,False
1157022,2000-12-05,LGA,PBI,US,N242US,2693,1559,1557,1943,1910,1625,1906,False
1157023,2000-12-05,LGA,ATL,DL,N122DL,1115,1600,1600,1840,1855,1646,1848,False
1157024,2000-12-05,LGA,BOS,US,N102UW,6820,1600,1558,1726,1711,1625,1707,False
1157025,2000-12-05,LGA,DCA,US,N111UW,6869,1600,1600,1733,1729,1636,1726,False
1157026,2000-12-05,BOS,LGA,US,N104UW,6823,1600,1558,1716,1732,1616,1719,False
1157027,2000-12-05,CLE,LGA,CO,N17344,1904,1600,1609,1729,1743,1627,1736,False
1157028,2000-12-05,DCA,LGA,US,N754UW,6868,1600,1556,1716,1730,1610,1656,False
1157029,2000-12-05,DFW,LGA,AA,N634AA,742,1600,1650,2028,2109,1708,2104,False
1157030,2000-12-05,IAH,LGA,CO,UNKNOW,1976,1600,9999,2040,9999,9999,9999,True
1157031,2000-12-05,ORD,LGA,AA,N577AA,358,1600,1559,1915,1933,1621,1904,False
1157032,2000-12-05,ORD,LGA,UA,UNKNOW,678,1600,9999,1912,9999,9999,9999,True
1157033,2000-12-05,PIT,LGA,US,N763UW,552,1600,1605,1735,1730,1616,1714,False
1157034,2000-12-05,LGA,ORD,AA,N475AA,341,1600,1559,1737,1736,1628,1725,False
1157035,2000-12-05,LGA,ORD,UA,N450UA,677,1600,1630,1735,1810,1701,1803,False
1157036,2000-12-05,FLL,LGA,DL,N644DL,792,1605,1621,1906,1930,1641,1905,False
1157037,2000-12-05,LGA,DTW,NW,N506US,1195,1609,1606,1820,1826,1647,1813,False
1157038,2000-12-05,LGA,RDU,US,N744UW,1525,1609,1603,1812,1808,1632,1741,False
1157039,2000-12-05,LGA,SDF,US,N560AU,274,1609,1606,1857,1845,1645,1841,False
1157040,2000-12-05,LGA,PBI,DL,N126DL,181,1610,1629,1905,1943,1653,1938,False
1157041,2000-12-05,LGA,GSP,US,N511AU,1462,1618,1651,1849,1917,1724,1911,False
1157042,2000-12-05,LGA,MCO,US,N269AU,2621,1618,1651,1937,1954,1725,1950,False
1157043,2000-12-05,MCO,LGA,US,N256AU,2660,1621,1727,1914,2025,1756,2012,False
1157044,2000-12-05,MIA,LGA,AA,N508AA,1886,1625,1642,1936,1925,1654,1921,False
1157045,2000-12-05,LGA,ORF,US,N528AU,947,1625,1626,1810,1802,1704,1758,False
1157046,2000-12-05,LGA,ATL,DL,N912DE,1431,1630,9999,1910,9999,9999,9999,True
1157047,2000-12-05,LGA,BOS,DL,N396DA,1840,1630,1639,1744,1753,1707,1743,False
1157048,2000-12-05,LGA,DCA,DL,N398DA,1761,1630,1631,1740,1746,1656,1743,False
1157049,2000-12-05,LGA,DFW,AA,N426AA,769,1630,1637,1945,1955,1659,1933,False
1157050,2000-12-05,ATL,LGA,DL,N681DA,496,1630,1645,1847,1902,1711,1851,False
1157051,2000-12-05,BOS,LGA,DL,N3731T,1841,1630,1635,1743,1751,1657,1747,False
1157052,2000-12-05,DCA,LGA,DL,N521DA,1760,1630,1709,1738,1815,1725,1811,False
1157053,2000-12-05,MSP,LGA,NW,N912RW,514,1635,1740,2010,2121,1751,2109,False
1157054,2000-12-05,LGA,GSO,US,N354US,1642,1639,1632,1845,1836,1706,1830,False
1157055,2000-12-05,LGA,IAH,CO,N63305,1973,1640,1640,1939,1935,1708,1928,False
1157056,2000-12-05,DFW,LGA,AA,UNKNOW,752,1645,9999,2106,9999,9999,9999,True
1157057,2000-12-05,LGA,DFW,AA,UNKNOW,773,1650,9999,2004,9999,9999,9999,True
1157058,2000-12-05,LGA,DEN,UA,UNKNOW,409,1651,9999,1913,9999,9999,9999,True
1157059,2000-12-05,CMH,LGA,US,N335US,407,1653,1718,1836,1922,1755,1913,False
1157060,2000-12-05,DTW,LGA,NW,N527US,70,1655,1804,1900,1957,1825,1939,False
1157061,2000-12-05,LGA,CLE,CO,N15712,1907,1659,1654,1855,1844,1722,1839,False
1157062,2000-12-05,LGA,ATL,DL,N646DL,821,1700,1706,1931,1949,1743,1939,False
1157063,2000-12-05,LGA,BOS,US,N110UW,6822,1700,1701,1824,1816,1731,1810,False
1157064,2000-12-05,LGA,DCA,US,N106UW,6871,1700,1703,1831,1819,1730,1817,False
1157065,2000-12-05,BOS,LGA,US,N103UW,6825,1700,1702,1825,1833,1726,1816,False
1157066,2000-12-05,DCA,LGA,US,N112UW,6870,1700,1659,1814,1821,1715,1806,False
1157067,2000-12-05,DEN,LGA,UA,N451UA,412,1700,1701,2232,2301,1738,2254,False
1157068,2000-12-05,ORD,LGA,AA,N242AA,354,1700,1657,2015,2017,1725,2008,False
1157069,2000-12-05,ORD,LGA,UA,N502UA,676,1700,1658,2014,2027,1736,2018,False
1157070,2000-12-05,LGA,ORD,AA,N274AA,345,1700,1700,1850,1838,1726,1828,False
1157071,2000-12-05,LGA,ORD,UA,N555UA,675,1700,1727,1831,1940,1827,1930,False
1157072,2000-12-05,MEM,LGA,NW,N370NW,634,1701,1758,2030,2141,1816,2117,False
1157073,2000-12-05,BUF,LGA,US,UNKNOW,1029,1703,9999,1829,9999,9999,9999,True
1157074,2000-12-05,CLT,LGA,US,N423US,236,1705,1752,1859,1949,1811,1935,False
1157075,2000-12-05,FLL,LGA,AA,N413AA,1680,1705,1655,2007,2029,1737,2013,False
1157076,2000-12-05,LGA,IND,US,N589US,1470,1707,1702,1952,1937,1732,1928,False
1157077,2000-12-05,LGA,BUF,US,UNKNOW,366,1710,9999,1852,9999,9999,9999,True
1157078,2000-12-05,LGA,ROC,US,N584US,1980,1710,1705,1847,1819,1727,1816,False
1157079,2000-12-05,STL,LGA,TW,N973TW,300,1710,1712,2032,2050,1735,2036,False
1157080,2000-12-05,LGA,STL,AA,N423AA,1675,1715,1724,1902,1938,1805,1931,False
1157081,2000-12-05,DFW,LGA,AA,N411AA,754,1715,1725,2135,2133,1736,2123,False
1157082,2000-12-05,MCO,LGA,DL,N943DL,492,1715,1713,1950,1939,1724,1929,False
1157083,2000-12-05,RIC,LGA,US,N715UW,138,1715,1740,1829,1853,1749,1843,False
1157084,2000-12-05,LGA,DFW,DL,N940DL,1649,1720,1810,2020,2134,1853,2122,False
1157085,2000-12-05,JAX,LGA,US,N285AU,2984,1720,1736,1948,2000,1754,1949,False
1157086,2000-12-05,LGA,DTW,NW,N750NW,529,1729,1812,1943,2049,1912,2041,False
1157087,2000-12-05,LGA,STL,TW,N705TW,167,1729,1725,1921,1940,1817,1937,False
1157088,2000-12-05,LGA,BOS,DL,N529DA,1842,1730,1730,1845,1900,1805,1855,False
1157089,2000-12-05,LGA,CVG,DL,N994DL,1529,1730,1743,1950,2014,1829,2011,False
1157090,2000-12-05,LGA,DCA,DL,N395DN,1763,1730,1728,1844,1852,1803,1847,False
1157091,2000-12-05,LGA,IAD,UA,N940UA,1717,1730,1805,1854,1928,1837,1925,False
1157092,2000-12-05,LGA,JAX,US,N288AU,2677,1730,1758,2039,2049,1847,2045,False
1157093,2000-12-05,ATL,LGA,DL,N137DL,648,1730,1733,1950,1937,1746,1925,False
1157094,2000-12-05,BOS,LGA,DL,N496DA,1843,1730,1730,1847,1852,1800,1848,False
1157095,2000-12-05,DCA,LGA,DL,N3734B,1762,1730,1735,1840,1841,1755,1838,False
1157096,2000-12-05,IAD,LGA,UA,N906UA,1020,1730,1805,1846,1925,1828,1915,False
1157097,2000-12-05,ORD,LGA,AA,N516AA,352,1730,1737,2045,2113,1816,2059,False
1157098,2000-12-05,LGA,MIA,AA,N5EEAA,1129,1730,1729,2041,2118,1828,2115,False
1157099,2000-12-05,LGA,HOU,AA,N532AA,1685,1735,1736,2044,2100,1814,2053,False
1157100,2000-12-05,MIA,LGA,AA,N639AA,860,1735,1812,2049,2106,1829,2102,False
1157101,2000-12-05,TPA,LGA,US,N261AU,2665,1736,1827,2020,2126,1842,2106,False
1157102,2000-12-05,LGA,CLT,US,N409US,809,1738,1815,2006,2027,1849,2024,False
1157103,2000-12-05,DFW,LGA,AA,N615AA,158,1739,1739,2203,2224,1829,2218,False
1157104,2000-12-05,CLE,LGA,CO,N17614,1906,1740,1736,1921,1935,1825,1928,False
1157105,2000-12-05,LGA,MSP,NW,N309NB,185,1740,1904,1955,2118,1941,2114,False
1157106,2000-12-05,ORF,LGA,US,N527AU,464,1741,1837,1914,2017,1856,2003,False
1157107,2000-12-05,IAH,LGA,CO,N17321,1974,1742,1835,2215,2250,1853,2245,False
1157108,2000-12-05,FLL,LGA,US,N282AU,2702,1750,1919,2102,2221,1936,2213,False
1157109,2000-12-05,LGA,CLT,US,UNKNOW,759,1757,9999,2025,9999,9999,9999,True
1157110,2000-12-05,LGA,MEM,NW,N333NW,631,1759,1809,1957,2021,1848,2017,False
1157111,2000-12-05,LGA,ATL,DL,N130DL,581,1800,1807,2042,2111,1906,2102,False
1157112,2000-12-05,LGA,BOS,US,N104UW,6824,1800,1828,1927,2012,1930,2006,False
1157113,2000-12-05,LGA,DCA,US,N105UW,6873,1800,1806,1930,1907,1821,1905,False
1157114,2000-12-05,LGA,TPA,DL,N979DL,1525,1800,1808,2053,2134,1900,2128,False
1157115,2000-12-05,BOS,LGA,US,N102UW,6827,1800,1757,1923,1919,1818,1900,False
1157116,2000-12-05,DCA,LGA,US,N111UW,6872,1800,1757,1916,1920,1813,1902,False
1157117,2000-12-05,ORD,LGA,AA,N3CBAA,350,1800,1757,2105,2132,1845,2121,False
1157118,2000-12-05,ORD,LGA,UA,N305UA,674,1800,1811,2112,2130,1834,2116,False
1157119,2000-12-05,LGA,ORD,AA,N3AEAA,349,1800,1800,1945,1941,1832,1931,False
1157120,2000-12-05,LGA,ORD,UA,N7448U,673,1800,1920,1942,2103,2000,2054,False
1157121,2000-12-05,LGA,DFW,AA,N5DBAA,785,1806,1839,2113,2146,1908,2138,False
1157122,2000-12-05,LGA,RIC,US,N514AU,1019,1810,1853,1959,2019,1922,2015,False
1157123,2000-12-05,LGA,IAH,CO,N17344,1959,1815,1813,2105,2118,1852,2112,False
1157124,2000-12-05,LGA,PIT,US,N763UW,976,1815,1815,2015,2013,1902,2007,False
1157125,2000-12-05,PIT,LGA,US,N448US,798,1828,1827,1958,1958,1846,1944,False
1157126,2000-12-05,LGA,MIA,AA,N537AA,1485,1829,1828,2139,2200,1904,2155,False
1157127,2000-12-05,LGA,ATL,DL,N949DL,1643,1830,9999,2107,9999,9999,9999,True
1157128,2000-12-05,LGA,BNA,AA,N568AA,1529,1830,1836,2001,2042,1933,2037,False
1157129,2000-12-05,LGA,BOS,DL,N3731T,1844,1830,1831,1943,1946,1901,1938,False
1157130,2000-12-05,LGA,CLE,CO,N69348,1909,1830,1909,2036,2108,1947,2104,False
1157131,2000-12-05,LGA,DCA,DL,N521DA,1765,1830,1846,2000,2013,1923,2010,False
1157132,2000-12-05,LGA,DEN,UA,N411UA,411,1830,1856,2054,2136,1943,2129,False
1157133,2000-12-05,ATL,LGA,DL,N968DL,574,1830,1830,2045,2056,1849,2032,False
1157134,2000-12-05,BOS,LGA,DL,N396DA,1845,1830,1840,1948,2010,1906,2007,False
1157135,2000-12-05,DCA,LGA,DL,N398DA,1764,1830,1830,1940,1944,1853,1941,False
1157136,2000-12-05,DFW,LGA,AA,N560AA,760,1830,1836,2247,2247,1851,2242,False
1157137,2000-12-05,IAD,LGA,UA,UNKNOW,1242,1830,9999,1947,9999,9999,9999,True
1157138,2000-12-05,LGA,TPA,US,N286AU,2996,1832,1901,2200,2201,1920,2158,False
1157139,2000-12-05,MCO,LGA,DL,N619DL,1676,1835,1837,2108,2139,1901,2114,False
1157140,2000-12-05,STL,LGA,AA,N436AA,1694,1835,1829,2153,2152,1847,2143,False
1157141,2000-12-05,PBI,LGA,US,N251AU,2619,1836,1857,2146,2211,1926,2200,False
1157142,2000-12-05,LGA,JAX,DL,N905DL,2299,1840,1849,2115,2135,1926,2130,False
1157143,2000-12-05,LGA,DAL,AA,N2CTAA,2509,1845,1853,2158,2227,1936,2221,False
1157144,2000-12-05,LGA,FLL,DL,N603DL,2051,1845,1841,2150,2205,1918,2200,False
1157145,2000-12-05,STL,LGA,TW,N707TW,546,1845,1903,2206,2235,1928,2230,False
1157146,2000-12-05,RDU,LGA,US,N744UW,278,1847,1847,2029,2032,1901,2021,False
1157147,2000-12-05,CLT,LGA,US,N745UW,882,1850,1943,2044,2147,2014,2134,False
1157148,2000-12-05,HOU,LGA,AA,N295AA,1454,1855,1919,2318,2354,2006,2349,False
1157149,2000-12-05,MSP,LGA,NW,N532US,518,1855,1915,2236,2305,1952,2259,False
1157150,2000-12-05,DEN,LGA,UA,N439UA,410,1859,2051,29,204,2103,201,False
1157151,2000-12-05,LGA,ATL,DL,N999DN,635,1900,2000,2135,2241,2034,2234,False
1157152,2000-12-05,LGA,BOS,US,N103UW,6826,1900,1912,2027,2036,1950,2030,False
1157153,2000-12-05,LGA,DCA,US,N112UW,6875,1900,1903,2030,2017,1931,2014,False
1157154,2000-12-05,LGA,DFW,AA,N533AA,791,1900,1857,2214,2159,1928,2155,False
1157155,2000-12-05,ATL,LGA,DL,N539DA,742,1900,1904,2108,2136,1920,2114,False
1157156,2000-12-05,BOS,LGA,US,N110UW,6829,1900,1902,2025,2053,1931,2035,False
1157157,2000-12-05,DCA,LGA,US,N106UW,6874,1900,1857,2016,2016,1913,2005,False
1157158,2000-12-05,ORD,LGA,AA,UNKNOW,346,1900,9999,2204,9999,9999,9999,True
1157159,2000-12-05,ORD,LGA,UA,N952UA,672,1900,1858,2212,2157,1909,2152,False
1157160,2000-12-05,LGA,ORD,AA,N3CCAA,353,1900,1854,2034,2059,1955,2052,False
1157161,2000-12-05,LGA,ORD,UA,N7455U,671,1900,2008,2038,2132,2040,2127,False
1157162,2000-12-05,CLT,LGA,US,N708UW,34,1905,1941,2059,2152,2008,2131,False
1157163,2000-12-05,IAH,LGA,CO,N36247,1972,1905,1903,2324,2314,1920,2310,False
1157164,2000-12-05,LGA,MSP,NW,N537US,153,1905,2024,2121,2225,2055,2222,False
1157165,2000-12-05,DFW,LGA,AA,N464AA,762,1907,1908,2325,2346,1956,2334,False
1157166,2000-12-05,LGA,CLT,US,N715UW,703,1909,1923,2132,2143,2003,2139,False
1157167,2000-12-05,DTW,LGA,NW,N339NW,247,1910,2000,2059,2206,2026,2145,False
1157168,2000-12-05,DAL,LGA,AA,N2CKAA,2564,1915,1908,2325,2322,1921,2318,False
1157169,2000-12-05,DFW,LGA,AA,N638AA,772,1915,2100,2331,58,2126,53,False
1157170,2000-12-05,TPA,LGA,AA,N556AA,1282,1915,1909,2154,2154,1931,2149,False
1157171,2000-12-05,LGA,CMH,US,N335US,1436,1916,1951,2127,2159,2030,2155,False
1157172,2000-12-05,GSO,LGA,US,N354US,990,1920,2010,2059,2221,2032,2211,False
1157173,2000-12-05,LGA,MIA,AA,N3CAAA,1737,1920,1922,2228,2245,1959,2241,False
1157174,2000-12-05,LGA,MIA,UA,N581UA,1985,1920,1941,2229,2314,2037,2311,False
1157175,2000-12-05,LGA,PIT,US,UNKNOW,353,1921,9999,2116,9999,9999,9999,True
1157176,2000-12-05,ROC,LGA,US,N584US,1911,1922,2002,2029,2113,2008,2101,False
1157177,2000-12-05,GSP,LGA,US,N511AU,766,1924,1955,2120,2215,2015,2150,False
1157178,2000-12-05,CVG,LGA,DL,N635DL,656,1925,1921,2124,2157,1955,2132,False
1157179,2000-12-05,MIA,LGA,AA,N5BTAA,1298,1925,2119,2227,2,2130,2346,False
1157180,2000-12-05,BUF,LGA,US,UNKNOW,1812,1927,9999,2053,9999,9999,9999,True
1157181,2000-12-05,FLL,LGA,US,N265AU,2727,1929,1933,2237,2249,1959,2241,False
1157182,2000-12-05,LGA,BOS,DL,N496DA,1846,1930,1930,2046,2105,2019,2058,False
1157183,2000-12-05,LGA,DCA,DL,N3734B,1767,1930,1929,2100,2053,2008,2049,False
1157184,2000-12-05,LGA,IAD,UA,N906UA,1053,1930,2013,2054,2129,2036,2125,False
1157185,2000-12-05,ATL,LGA,DL,N611DL,348,1930,1947,2140,2223,2007,2157,False
1157186,2000-12-05,BOS,LGA,DL,N529DA,1847,1930,1930,2046,2057,2000,2050,False
1157187,2000-12-05,DCA,LGA,DL,N395DN,1766,1930,1929,2034,2039,1946,2034,False
1157188,2000-12-05,DFW,LGA,DL,N955DL,1090,1930,1927,2345,2346,2011,2340,False
1157189,2000-12-05,SDF,LGA,US,N560AU,1639,1932,2010,2138,2228,2037,2220,False
1157190,2000-12-05,LGA,FLL,AA,N419AA,685,1934,1929,2250,2319,2023,2313,False
1157191,2000-12-05,IND,LGA,US,N424US,277,1937,2026,2147,2245,2048,2239,False
1157192,2000-12-05,LGA,CLT,US,N423US,753,1944,2038,2207,2242,2101,2234,False
1157193,2000-12-05,LGA,IAH,CO,UNKNOW,1963,1945,9999,2238,9999,9999,9999,True
1157194,2000-12-05,LGA,PBI,US,N256AU,2694,1947,2059,2331,17,2134,13,False
1157195,2000-12-05,LGA,DTW,NW,N527US,339,1950,2127,2201,2338,2213,2332,False
1157196,2000-12-05,BNA,LGA,AA,N2CEAA,1174,1950,1948,2252,2312,2000,2303,False
1157197,2000-12-05,LGA,BUF,US,N527AU,464,1954,2045,2136,2215,2116,2211,False
1157198,2000-12-05,LGA,CLE,CO,N17614,1903,1959,2000,2158,2155,2033,2151,False
1157199,2000-12-05,LGA,ATL,DL,N681DA,251,2000,2004,2232,2319,2119,2314,False
1157200,2000-12-05,LGA,BOS,US,N102UW,6828,2000,1956,2132,2113,2028,2107,False
1157201,2000-12-05,LGA,DCA,US,N111UW,6877,2000,1956,2128,2124,2031,2120,False
1157202,2000-12-05,LGA,STL,TW,N927TW,311,2000,2009,2157,2204,2037,2158,False
1157203,2000-12-05,BOS,LGA,US,N104UW,6831,2000,2043,2125,2209,2101,2155,False
1157204,2000-12-05,DCA,LGA,US,N105UW,6876,2000,1957,2116,2120,2016,2107,False
1157205,2000-12-05,MIA,LGA,AA,N469AA,618,2000,2031,2302,2324,2050,2320,False
1157206,2000-12-05,ORD,LGA,AA,N3AXAA,342,2000,2001,2254,2301,2017,2257,False
1157207,2000-12-05,LGA,ORD,AA,N596AA,357,2000,2014,2139,2208,2058,2203,False
1157208,2000-12-05,LGA,PBI,DL,N943DL,461,2000,2025,2300,2341,2105,2336,False
1157209,2000-12-05,PBI,LGA,DL,N126DL,530,2010,2028,2256,2317,2038,2307,False
1157210,2000-12-05,LGA,MCO,DL,N644DL,993,2010,2027,2257,2343,2118,2339,False
1157211,2000-12-05,LGA,FLL,US,N285AU,2648,2021,2053,2359,17,2131,12,False
1157212,2000-12-05,MCO,LGA,US,N246US,2692,2021,2044,2310,2318,2058,2312,False
1157213,2000-12-05,LGA,BOS,DL,N396DA,1848,2030,2034,2141,2152,2108,2146,False
1157214,2000-12-05,LGA,DCA,DL,N398DA,1769,2030,2029,2200,2151,2106,2148,False
1157215,2000-12-05,ATL,LGA,DL,N6704Z,1432,2030,2030,2241,2245,2052,2235,False
1157216,2000-12-05,BOS,LGA,DL,N3731T,1849,2030,2028,2138,2140,2044,2138,False
1157217,2000-12-05,DCA,LGA,DL,N521DA,1768,2030,2030,2131,2145,2054,2143,False
1157218,2000-12-05,ORD,LGA,AA,N3AEAA,340,2030,2030,2331,2332,2051,2325,False
1157219,2000-12-05,LGA,ORD,UA,UNKNOW,669,2030,9999,2157,9999,9999,9999,True
1157220,2000-12-05,TPA,LGA,US,N277AU,2728,2033,2045,2317,2325,2055,2317,False
1157221,2000-12-05,LGA,PIT,US,N448US,1190,2043,2041,2238,2221,2111,2212,False
1157222,2000-12-05,ORD,LGA,UA,N7281U,670,2044,2040,2346,2334,2052,2331,False
1157223,2000-12-05,LGA,DFW,AA,UNKNOW,799,2050,9999,2346,9999,9999,9999,True
1157224,2000-12-05,LGA,MCO,US,N261AU,2667,2053,2154,9,46,2227,43,False
1157225,2000-12-05,LGA,FLL,DL,N137DL,447,2055,2053,2355,12,2127,9,False
1157226,2000-12-05,MEM,LGA,NW,N323US,262,2055,2052,12,2400,2104,2351,False
1157227,2000-12-05,DFW,LGA,AA,N468AA,778,2056,2055,118,52,2114,49,False
1157228,2000-12-05,LGA,DTW,NW,N912RW,537,2059,2134,2307,2348,2218,2344,False
1157229,2000-12-05,LGA,ATL,DL,N900DE,643,2100,2232,2326,54,2253,50,False
1157230,2000-12-05,LGA,BOS,US,N110UW,6830,2100,2114,2234,2232,2153,2226,False
1157231,2000-12-05,LGA,DCA,US,N106UW,6879,2100,2058,2228,2218,2131,2216,False
1157232,2000-12-05,BOS,LGA,US,N103UW,6833,2100,2102,2216,2240,2121,2234,False
1157233,2000-12-05,DCA,LGA,US,N112UW,6878,2100,2057,2210,2237,2116,2225,False
1157234,2000-12-05,LGA,MIA,AA,N508AA,1577,2100,2055,6,14,2122,8,False
1157235,2000-12-05,LGA,ORD,AA,N242AA,361,2100,2102,2230,2252,2150,2246,False
1157236,2000-12-05,BUF,LGA,US,N337US,389,2105,2108,2225,2246,2116,2236,False
1157237,2000-12-05,PIT,LGA,US,N763UW,1249,2105,2059,2229,2256,2131,2243,False
1157238,2000-12-05,LGA,RDU,US,N744UW,316,2109,2218,2309,2355,2241,2352,False
1157239,2000-12-05,CLT,LGA,US,UNKNOW,1118,2110,9999,2259,9999,9999,9999,True
1157240,2000-12-05,LGA,GSO,US,N584US,1911,2113,2131,2319,2338,2220,2334,False
1157241,2000-12-05,DTW,LGA,NW,N525US,534,2115,2114,2300,2258,2125,2247,False
1157242,2000-12-05,LGA,BOS,DL,N529DA,1850,2130,2130,2234,2250,2203,2235,False
1157243,2000-12-05,LGA,DCA,DL,N395DN,1771,2130,2129,2242,2246,2200,2242,False
1157244,2000-12-05,ATL,LGA,DL,N172DZ,284,2130,2132,2335,2331,2147,2323,False
1157245,2000-12-05,BOS,LGA,DL,N497DA,1851,2130,2130,2235,2300,2200,2257,False
1157246,2000-12-05,DCA,LGA,DL,N3734B,1770,2130,2127,2228,2231,2140,2228,False
1157247,2000-12-05,IAD,LGA,UA,N7457U,1720,2130,2134,2236,2241,2148,2238,False
1157248,2000-12-05,PHL,LGA,US,N121UW,184,2130,2126,2229,2245,2137,2215,False
1157249,2000-12-05,LGA,RIC,US,N384US,1812,2133,2125,2317,2305,2205,2301,False
1157250,2000-12-05,LGA,TPA,US,N282AU,2997,2135,2256,100,141,2305,138,False
1157251,2000-12-05,CLE,LGA,CO,N14242,1908,2135,2130,2310,2309,2153,2305,False
1157252,2000-12-05,STL,LGA,TW,N924TW,444,2137,2140,49,47,2158,43,False
1157253,2000-12-05,LGA,ROC,US,N354US,990,2140,2241,2317,2357,2257,2349,False
1157254,2000-12-05,LGA,BOS,US,N104UW,6832,2200,2236,2324,2333,2252,2327,False
1157255,2000-12-05,BOS,LGA,US,N102UW,6835,2200,2157,2308,2324,2214,2315,False
1157256,2000-12-05,MSP,LGA,NW,N318US,674,2200,2158,127,122,2219,117,False
1157257,2000-12-05,ORD,LGA,AA,N3CCAA,338,2200,2150,54,45,2211,38,False
1157258,2000-12-05,PIT,LGA,US,N851US,150,2220,2219,2347,2348,2249,2342,False
1157259,2000-12-05,CVG,LGA,DL,N657DL,1704,2240,2237,20,28,2250,13,False
1157260,2000-12-05,CLT,LGA,US,N431US,1942,2245,2242,33,12,2259,8,False
