index,FlightDate,Origin,Dest,Reporting_Airline,Tail_Number,Flight_Number_Reporting_Airline,CRSDepTime,DepTime,CRSArrTime,ArrTime,WheelsOff,WheelsOn,Cancelled
2804062,2007-12-19,DEN,LGA,F9,N943FR,514,35,45,610,622,55,602,False
2804063,2007-12-19,CMH,LGA,MQ,N732DH,4863,540,537,719,706,548,701,False
2804064,2007-12-19,LGA,IAH,CO,N17245,633,545,548,844,842,602,835,False
2804065,2007-12-19,FNT,LGA,9E,86749E,3753,600,600,750,753,622,745,False
2804066,2007-12-19,LGA,ORD,AA,N455AA,301,600,631,730,747,646,741,False
2804067,2007-12-19,ORD,LGA,AA,N632AA,398,600,555,900,853,604,849,False
2804068,2007-12-19,LGA,DFW,AA,N519AA,701,600,601,900,847,614,843,False
2804069,2007-12-19,MSP,LGA,AA,N483AA,1152,600,556,940,928,612,923,False
2804070,2007-12-19,LGA,STL,AA,N485AA,1899,600,602,745,740,621,734,False
2804071,2007-12-19,STL,LGA,AA,N528AA,2028,600,556,915,926,620,920,False
2804072,2007-12-19,FLL,LGA,B6,N556JB,370,600,552,843,836,604,831,False
2804073,2007-12-19,LGA,FLL,B6,N625JB,371,600,557,855,844,615,842,False
2804074,2007-12-19,LGA,ATL,DL,N636DL,501,600,559,838,841,626,828,False
2804075,2007-12-19,LGA,CVG,DL,N3743H,718,600,557,812,804,616,759,False
2804076,2007-12-19,BOS,LGA,DL,N913DE,1905,600,601,708,703,620,659,False
2804077,2007-12-19,LGA,BOS,DL,N910DE,1906,600,559,700,706,620,655,False
2804078,2007-12-19,LGA,ATL,FL,N295AT,359,600,606,830,852,632,846,False
2804079,2007-12-19,RDU,LGA,MQ,N718AE,4751,600,555,730,747,610,721,False
2804080,2007-12-19,BOS,LGA,MQ,N735TS,4814,600,601,715,718,625,713,False
2804081,2007-12-19,DSM,LGA,MQ,N709GB,4821,600,556,935,943,616,936,False
2804082,2007-12-19,XNA,LGA,MQ,N721HS,4912,600,555,949,952,615,948,False
2804083,2007-12-19,LGA,DTW,NW,N503US,460,600,559,757,810,612,738,False
2804084,2007-12-19,RIC,LGA,OH,N821CA,4942,600,605,721,726,625,717,False
2804085,2007-12-19,TYS,LGA,OH,N659BR,5006,600,555,759,800,609,753,False
2804086,2007-12-19,CHS,LGA,OH,N510CA,5376,600,605,759,807,617,757,False
2804087,2007-12-19,GSO,LGA,OH,N818CA,5555,600,600,739,736,615,725,False
2804088,2007-12-19,LGA,DEN,UA,N572UA,399,600,606,823,819,625,809,False
2804089,2007-12-19,LGA,ORD,UA,N348UA,667,600,607,735,723,624,718,False
2804090,2007-12-19,ORD,LGA,UA,N427UA,668,600,555,906,907,611,902,False
2804091,2007-12-19,BOS,LGA,US,N741UW,2115,600,600,717,729,631,720,False
2804092,2007-12-19,DCA,LGA,US,N757UW,2158,600,554,711,646,601,640,False
2804093,2007-12-19,LGA,BOS,US,N748UW,2114,600,555,705,648,605,641,False
2804094,2007-12-19,LGA,DCA,US,N725UW,2161,600,556,710,655,606,651,False
2804095,2007-12-19,LEX,LGA,OH,N420CA,5359,605,605,759,759,613,752,False
2804096,2007-12-19,SAV,LGA,OH,N427CA,5599,605,605,830,810,618,801,False
2804097,2007-12-19,LGA,MIA,AA,N3BMAA,2103,610,622,910,909,634,901,False
2804098,2007-12-19,LGA,RDU,MQ,N727AE,4724,610,606,750,748,630,744,False
2804099,2007-12-19,ATL,LGA,AA,N484AA,1142,615,605,820,822,622,816,False
2804100,2007-12-19,SDF,LGA,MQ,N704PG,4831,615,614,820,824,626,817,False
2804101,2007-12-19,DTW,LGA,MQ,N707EB,4877,615,609,800,807,624,743,False
2804102,2007-12-19,CLE,LGA,MQ,N712AE,4886,615,615,750,758,632,749,False
2804103,2007-12-19,HSV,LGA,OH,N720SW,5512,615,610,939,942,625,918,False
2804104,2007-12-19,LGA,MSP,AA,,1017,620,9999,825,9999,9999,9999,True
2804105,2007-12-19,LGA,MSP,NW,N520US,783,620,615,823,849,647,840,False
2804106,2007-12-19,DCA,LGA,MQ,N804AE,4795,625,619,740,718,628,714,False
2804107,2007-12-19,DTW,LGA,NW,N530US,346,625,625,806,815,656,807,False
2804108,2007-12-19,LGA,MEM,NW,N317US,629,629,647,829,848,704,837,False
2804109,2007-12-19,LGA,DFW,AA,N4XXAA,705,630,629,930,946,650,914,False
2804110,2007-12-19,LGA,ATL,AA,N449AA,2377,630,630,900,859,653,853,False
2804111,2007-12-19,LGA,CLE,CO,N16642,451,630,622,810,807,645,757,False
2804112,2007-12-19,LGA,IAH,CO,N13720,333,630,626,934,934,646,919,False
2804113,2007-12-19,BOS,LGA,DL,N908DE,1907,630,628,739,743,657,739,False
2804114,2007-12-19,LGA,BOS,DL,N911DE,1908,630,628,734,722,639,715,False
2804115,2007-12-19,LGA,DCA,DL,N909DE,1941,630,630,737,735,642,729,False
2804116,2007-12-19,CAK,LGA,FL,N932AT,201,630,627,752,809,648,758,False
2804117,2007-12-19,FNT,LGA,MQ,N703MR,4859,630,744,830,1016,813,950,False
2804118,2007-12-19,LGA,CLT,MQ,N719AE,4893,630,636,845,906,723,900,False
2804119,2007-12-19,BHM,LGA,OH,N526CA,5120,630,620,1000,1003,633,947,False
2804120,2007-12-19,MEM,LGA,MQ,N736DT,4881,635,637,1010,1022,700,1011,False
2804121,2007-12-19,GSP,LGA,OH,N729CA,5355,635,630,831,905,648,824,False
2804122,2007-12-19,LGA,CLT,US,N162UW,1433,635,632,834,902,715,856,False
2804123,2007-12-19,IAH,LGA,CO,N10323,1032,637,633,1100,1114,651,1108,False
2804124,2007-12-19,RDU,LGA,OH,N964CA,5499,640,640,819,824,656,812,False
2804125,2007-12-19,CMH,LGA,OH,N371CA,5680,640,640,827,830,653,817,False
2804126,2007-12-19,ATL,LGA,DL,N694DA,502,645,642,853,857,658,843,False
2804127,2007-12-19,LGA,IAD,YV,N37342,7371,645,644,802,751,657,746,False
2804128,2007-12-19,LGA,ORD,AA,N525AA,305,650,657,825,821,714,811,False
2804129,2007-12-19,ORD,LGA,AA,N536AA,394,650,645,950,946,656,942,False
2804130,2007-12-19,MIA,LGA,AA,N5BSAA,1114,650,648,940,936,704,931,False
2804131,2007-12-19,DCA,LGA,DL,N947DL,1940,650,648,753,755,705,751,False
2804132,2007-12-19,JAX,LGA,OH,N938CA,5425,650,815,920,1100,843,1050,False
2804133,2007-12-19,DFW,LGA,AA,N533AA,700,655,646,1110,1106,702,1102,False
2804134,2007-12-19,LGA,RDU,OH,N597SW,5523,655,655,847,850,732,846,False
2804135,2007-12-19,LGA,ATL,DL,N622DL,503,659,655,939,930,717,924,False
2804136,2007-12-19,LGA,ATL,FL,N975AT,363,659,656,930,929,709,920,False
2804137,2007-12-19,TPA,LGA,DL,N989DL,1783,700,656,943,936,707,926,False
2804138,2007-12-19,LGA,DEN,F9,N943FR,505,700,705,935,937,724,926,False
2804139,2007-12-19,RDU,LGA,MQ,N716AE,4727,700,657,840,833,713,826,False
2804140,2007-12-19,LGA,BOS,MQ,N702AE,4803,700,726,810,833,752,828,False
2804141,2007-12-19,MSP,LGA,NW,N552NW,520,700,850,1038,1220,906,1211,False
2804142,2007-12-19,CLT,LGA,OH,N798CA,5098,700,700,902,950,751,915,False
2804143,2007-12-19,LGA,ORD,UA,N827UA,669,700,654,832,817,722,814,False
2804144,2007-12-19,ORD,LGA,UA,N536UA,670,700,701,1005,1001,714,958,False
2804145,2007-12-19,BOS,LGA,US,N765US,2117,700,655,817,801,707,754,False
2804146,2007-12-19,DCA,LGA,US,N769US,2160,700,658,813,825,731,819,False
2804147,2007-12-19,LGA,BOS,US,N712US,2116,700,705,805,805,720,758,False
2804148,2007-12-19,LGA,DCA,US,N755US,2163,700,653,810,754,706,751,False
2804149,2007-12-19,LGA,DCA,MQ,N831AE,4788,705,705,820,815,728,811,False
2804150,2007-12-19,LGA,CLT,OH,N783CA,5571,705,715,923,918,741,911,False
2804151,2007-12-19,LGA,DFW,AA,N3DJAA,707,710,707,1015,958,729,950,False
2804152,2007-12-19,ATL,LGA,FL,N992AT,382,710,706,917,919,719,903,False
2804153,2007-12-19,CLT,LGA,MQ,N730KW,4892,710,702,859,846,716,839,False
2804154,2007-12-19,BNA,LGA,AA,N411AA,1088,715,713,1020,1027,722,1025,False
2804155,2007-12-19,LGA,FLL,DL,N968DL,1866,720,722,1027,1021,744,1017,False
2804156,2007-12-19,IAD,LGA,YV,N27314,7209,720,707,830,904,810,859,False
2804157,2007-12-19,LGA,DTW,NW,N357NW,533,727,730,924,937,749,916,False
2804158,2007-12-19,LGA,ATL,FL,N313AT,342,729,738,959,1001,751,952,False
2804159,2007-12-19,MSN,LGA,9E,89709E,2899,730,729,1050,1057,745,1039,False
2804160,2007-12-19,LGA,PBI,B6,N570JB,363,730,722,1025,1014,748,1011,False
2804161,2007-12-19,CLE,LGA,CO,N24702,1750,730,720,912,917,753,908,False
2804162,2007-12-19,LGA,IAH,CO,N18220,733,730,726,1034,1021,741,1014,False
2804163,2007-12-19,LGA,MCO,DL,N928DL,1863,730,737,1024,1019,756,1014,False
2804164,2007-12-19,BOS,LGA,DL,N910DE,1909,730,730,843,850,745,846,False
2804165,2007-12-19,LGA,BOS,DL,N913DE,1910,730,729,837,837,746,823,False
2804166,2007-12-19,DCA,LGA,DL,N916DE,1942,730,729,838,837,745,832,False
2804167,2007-12-19,LGA,DCA,DL,N914DE,1943,730,728,839,823,739,820,False
2804168,2007-12-19,IND,LGA,NW,N925US,668,730,808,933,1015,822,1002,False
2804169,2007-12-19,DEN,LGA,UA,N537UA,400,730,724,1307,1307,739,1303,False
2804170,2007-12-19,BOS,LGA,US,N708UW,2197,730,728,847,839,740,834,False
2804171,2007-12-19,MCO,LGA,DL,N907DE,1888,735,723,1014,1005,734,953,False
2804172,2007-12-19,CAE,LGA,EV,N933EV,4254,735,735,930,920,738,915,False
2804173,2007-12-19,CVG,LGA,DL,N974DL,1238,740,736,933,937,753,929,False
2804174,2007-12-19,LGA,TPA,DL,N915DL,1807,740,736,1043,1029,757,1025,False
2804175,2007-12-19,CLT,LGA,US,N418US,1050,740,744,931,928,802,923,False
2804176,2007-12-19,DFW,LGA,AA,N3DCAA,704,745,738,1200,1143,748,1140,False
2804177,2007-12-19,LGA,BNA,AA,N223AA,1135,745,745,920,912,801,905,False
2804178,2007-12-19,ATL,LGA,DL,N67171,504,745,743,954,953,755,944,False
2804179,2007-12-19,PBI,LGA,DL,N919DE,1842,745,735,1032,1030,749,1020,False
2804180,2007-12-19,MCO,LGA,AA,N255AA,1368,750,743,1020,1033,756,1018,False
2804181,2007-12-19,LGA,ORD,AA,N494AA,309,755,753,930,929,808,902,False
2804182,2007-12-19,MIA,LGA,AA,N3ATAA,1256,755,752,1045,1043,801,1035,False
2804183,2007-12-19,IAH,LGA,CO,N17244,332,755,752,1215,1247,829,1243,False
2804184,2007-12-19,LGA,PBI,DL,N984DL,1711,755,754,1105,1047,817,1043,False
2804185,2007-12-19,LGA,CVG,MQ,N735TS,4800,755,754,1010,1009,811,1002,False
2804186,2007-12-19,LGA,ATL,DL,N642DL,505,759,757,1038,1030,824,1019,False
2804187,2007-12-19,LGA,PIT,MQ,N817AE,4871,759,755,934,926,818,919,False
2804188,2007-12-19,LGA,MSP,NW,N502US,509,759,757,1009,1005,822,958,False
2804189,2007-12-19,LGA,ORD,UA,N563UA,835,759,802,933,920,819,916,False
2804190,2007-12-19,GRR,LGA,9E,87219E,4750,800,757,959,1003,812,947,False
2804191,2007-12-19,ORD,LGA,UA,N928UA,672,800,750,1108,1051,805,1046,False
2804192,2007-12-19,BOS,LGA,US,N767UW,2119,800,753,920,856,808,850,False
2804193,2007-12-19,DCA,LGA,US,N755US,2162,800,823,912,922,830,909,False
2804194,2007-12-19,LGA,BOS,US,N741UW,2118,800,757,905,858,815,852,False
2804195,2007-12-19,LGA,DCA,US,N757UW,2165,800,754,910,853,804,848,False
2804196,2007-12-19,ORD,LGA,AA,N406AA,392,805,801,1105,1108,815,1100,False
2804197,2007-12-19,FLL,LGA,DL,N938DL,1895,805,801,1058,1102,819,1047,False
2804198,2007-12-19,LGA,CVG,OH,N821CA,5519,806,815,1023,1039,848,1036,False
2804199,2007-12-19,LGA,DEN,UA,N583UA,361,808,808,1045,1053,821,1018,False
2804200,2007-12-19,LGA,DTW,MQ,N718AE,4869,810,813,1020,1016,841,1008,False
2804201,2007-12-19,LGA,DFW,AA,N471AA,709,815,813,1125,1126,838,1111,False
2804202,2007-12-19,LGA,TPA,AA,N559AA,1005,815,810,1120,1116,843,1112,False
2804203,2007-12-19,ATL,LGA,FL,N312AT,360,815,812,1028,1022,824,1015,False
2804204,2007-12-19,LGA,CLT,US,N105UW,1689,815,820,1014,1017,845,1013,False
2804205,2007-12-19,PHF,LGA,FL,N951AT,642,820,817,931,942,833,933,False
2804206,2007-12-19,LGA,BOS,MQ,N804AE,4802,820,813,930,911,828,906,False
2804207,2007-12-19,DFW,LGA,AA,N3ACAA,708,825,819,1240,1240,838,1235,False
2804208,2007-12-19,LGA,PBI,AA,N466AA,1229,825,828,1135,1126,857,1122,False
2804209,2007-12-19,LGA,CMH,OH,N818CA,5131,825,945,1029,1158,1031,1154,False
2804210,2007-12-19,LGA,IND,9E,86749E,4774,830,842,1059,1124,908,1116,False
2804211,2007-12-19,LGA,MIA,AA,N5DAAA,775,830,831,1145,1131,903,1128,False
2804212,2007-12-19,LGA,STL,AA,N582AA,1855,830,829,1020,1025,859,1019,False
2804213,2007-12-19,CLE,LGA,CO,N13624,1575,830,827,1005,1012,850,1006,False
2804214,2007-12-19,BOS,LGA,DL,N911DE,1911,830,826,947,1006,855,1001,False
2804215,2007-12-19,LGA,BOS,DL,N908DE,1912,830,828,940,941,856,934,False
2804216,2007-12-19,DCA,LGA,DL,N909DE,1944,830,829,938,941,849,938,False
2804217,2007-12-19,LGA,DCA,DL,N947DL,1945,830,829,943,942,855,939,False
2804218,2007-12-19,LGA,ATL,FL,N990AT,341,830,900,1100,1127,922,1118,False
2804219,2007-12-19,LGA,RDU,MQ,N712AE,4739,830,827,1015,1009,851,1005,False
2804220,2007-12-19,MEM,LGA,NW,N336NW,630,835,834,1159,1210,850,1200,False
2804221,2007-12-19,IAD,LGA,UA,N386UA,846,835,831,959,959,902,955,False
2804222,2007-12-19,LGA,CLE,MQ,N707EB,4890,840,833,1025,1010,853,1004,False
2804223,2007-12-19,LGA,CHS,OH,N510CA,5385,844,844,1115,1120,917,1115,False
2804224,2007-12-19,ORD,LGA,AA,N505AA,386,845,841,1145,1141,858,1134,False
2804225,2007-12-19,ATL,LGA,DL,N666DN,506,845,848,1100,1108,906,1054,False
2804226,2007-12-19,DCA,LGA,MQ,N831AE,4798,845,845,959,1005,909,1000,False
2804227,2007-12-19,LGA,GSO,OH,N659BR,5196,845,845,1044,1044,924,1040,False
2804228,2007-12-19,DTW,LGA,NW,N365NB,540,848,900,1027,1115,937,1104,False
2804229,2007-12-19,BOS,LGA,MQ,N849AE,4808,850,845,1005,1008,907,1003,False
2804230,2007-12-19,CMH,LGA,MQ,N715AE,4870,855,904,1040,1054,913,1037,False
2804231,2007-12-19,LGA,RIC,OH,N420CA,5139,855,855,1037,1037,932,1033,False
2804232,2007-12-19,LGA,DTW,NW,N509US,327,859,853,1105,1058,924,1050,False
2804233,2007-12-19,LGA,ORD,AA,N5FGAA,313,900,900,1040,1154,1051,1142,False
2804234,2007-12-19,TPA,LGA,AA,N524AA,1440,900,856,1130,1127,908,1123,False
2804235,2007-12-19,LGA,IAH,CO,N14605,1633,900,849,1212,1143,910,1131,False
2804236,2007-12-19,LGA,ATL,DL,N704X,507,900,904,1146,1145,942,1139,False
2804237,2007-12-19,CVG,LGA,OH,N379CA,5530,900,900,1056,1105,919,1052,False
2804238,2007-12-19,LGA,ORD,UA,N533UA,111,900,857,1036,1040,938,1034,False
2804239,2007-12-19,ORD,LGA,UA,N817UA,674,900,858,1206,1154,911,1149,False
2804240,2007-12-19,BOS,LGA,US,N712US,2121,900,857,1020,1015,919,1010,False
2804241,2007-12-19,DCA,LGA,US,N730US,2164,900,904,1020,1034,937,1028,False
2804242,2007-12-19,LGA,BOS,US,N765US,2120,900,855,1016,954,912,949,False
2804243,2007-12-19,LGA,DCA,US,N769US,2167,900,857,1021,1004,915,1000,False
2804244,2007-12-19,LGA,PHF,FL,N932AT,649,902,905,1021,1034,937,1029,False
2804245,2007-12-19,LGA,ATL,AA,N484AA,1393,905,901,1150,1136,930,1127,False
2804246,2007-12-19,LGA,CMH,MQ,N732DH,4849,910,906,1115,1107,941,1103,False
2804247,2007-12-19,CLT,LGA,MQ,N719AE,4894,910,927,1100,1115,942,1109,False
2804248,2007-12-19,LGA,JAX,OH,N371CA,5123,912,930,1212,1218,1003,1208,False
2804249,2007-12-19,IAH,LGA,CO,N33714,232,915,911,1331,1404,952,1359,False
2804250,2007-12-19,LGA,TYS,OH,N964CA,4973,915,930,1148,1142,958,1139,False
2804251,2007-12-19,LGA,SAV,OH,N427CA,5033,915,930,1156,1205,1006,1200,False
2804252,2007-12-19,LGA,GSP,OH,N729CA,5424,916,940,1137,1156,1012,1152,False
2804253,2007-12-19,LGA,SDF,MQ,N716AE,4836,920,913,1200,1137,946,1134,False
2804254,2007-12-19,DEN,LGA,UA,N584UA,358,920,1005,1457,1530,1021,1524,False
2804255,2007-12-19,DFW,LGA,AA,N3AVAA,710,925,955,1340,1427,1013,1420,False
2804256,2007-12-19,RDU,LGA,OH,N409CA,5489,925,920,1103,1101,942,1057,False
2804257,2007-12-19,MIA,LGA,AA,N3CCAA,1124,930,930,1220,1207,941,1202,False
2804258,2007-12-19,LGA,FLL,B6,N556JB,375,930,922,1245,1217,948,1214,False
2804259,2007-12-19,BOS,LGA,DL,N913DE,1913,930,928,1042,1031,944,1027,False
2804260,2007-12-19,LGA,BOS,DL,N910DE,1914,930,928,1043,1045,953,1037,False
2804261,2007-12-19,DCA,LGA,DL,N914DE,1946,930,928,1042,1037,942,1034,False
2804262,2007-12-19,LGA,DCA,DL,N916DE,1947,930,929,1050,1039,952,1036,False
2804263,2007-12-19,PIT,LGA,US,N746UW,1856,935,930,1058,1130,1006,1117,False
2804264,2007-12-19,LGA,DCA,MQ,N730KW,4796,940,927,1105,1052,955,1039,False
2804265,2007-12-19,LGA,FLL,AA,N483AA,695,945,1039,1310,1356,1113,1350,False
2804266,2007-12-19,ATL,LGA,AA,N449AA,2370,945,942,1200,1200,1014,1155,False
2804267,2007-12-19,ATL,LGA,DL,N621DL,508,945,941,1203,1208,1016,1158,False
2804268,2007-12-19,CLT,LGA,OH,N455CA,5572,945,945,1149,1148,1019,1135,False
2804269,2007-12-19,ORD,LGA,AA,N4YLAA,382,950,951,1250,1308,1004,1259,False
2804270,2007-12-19,FLL,LGA,B6,N517JB,372,950,948,1240,1233,1006,1230,False
2804271,2007-12-19,LGA,CLT,OH,N798CA,5001,950,1024,1204,1242,1100,1230,False
2804272,2007-12-19,LGA,IAD,YV,N27314,7183,950,939,1121,1055,1006,1051,False
2804273,2007-12-19,LGA,ATL,FL,N992AT,377,952,959,1222,1216,1016,1211,False
2804274,2007-12-19,LGA,ORD,AA,N632AA,317,955,952,1145,1121,1029,1115,False
2804275,2007-12-19,LGA,CLE,CO,N24702,1451,955,952,1146,1143,1019,1135,False
2804276,2007-12-19,BOS,LGA,MQ,N804AE,4810,955,951,1110,1107,1016,1058,False
2804277,2007-12-19,CLT,LGA,US,N106US,1910,955,953,1156,1134,1012,1128,False
2804278,2007-12-19,LGA,DFW,AA,N528AA,721,959,1011,1325,1321,1041,1311,False
2804279,2007-12-19,PIT,LGA,MQ,N817AE,4872,959,955,1120,1127,1010,1120,False
2804280,2007-12-19,STL,LGA,AA,N551AA,840,1000,954,1320,1318,1004,1313,False
2804281,2007-12-19,LGA,ATL,DL,N694DA,509,1000,957,1249,1225,1023,1216,False
2804282,2007-12-19,ORD,LGA,UA,N845UA,578,1000,955,1311,1313,1021,1310,False
2804283,2007-12-19,LGA,ORD,UA,N427UA,851,1000,957,1135,1154,1058,1152,False
2804284,2007-12-19,BOS,LGA,US,N741UW,2123,1000,954,1117,1058,1006,1050,False
2804285,2007-12-19,DCA,LGA,US,N713UW,2166,1000,953,1115,1104,1012,1056,False
2804286,2007-12-19,LGA,BOS,US,N755US,2122,1000,954,1114,1058,1018,1055,False
2804287,2007-12-19,LGA,DCA,US,N767UW,2169,1000,956,1119,1108,1014,1102,False
2804288,2007-12-19,LGA,RDU,OH,N938CA,5179,1005,1135,1208,1322,1202,1317,False
2804289,2007-12-19,LGA,CAK,FL,N951AT,202,1013,1026,1145,1153,1043,1149,False
2804290,2007-12-19,DFW,LGA,AA,N3BSAA,712,1015,1024,1430,1453,1047,1448,False
2804291,2007-12-19,LGA,CAE,EV,N933EV,4765,1015,1015,1239,1226,1049,1221,False
2804292,2007-12-19,ATL,LGA,FL,N315AT,368,1015,1051,1238,1313,1118,1308,False
2804293,2007-12-19,LGA,CLT,US,N418US,1177,1015,1010,1219,1214,1040,1208,False
2804294,2007-12-19,DTW,LGA,NW,N357NW,542,1016,1034,1155,1238,1059,1222,False
2804295,2007-12-19,LGA,CVG,DL,N974DL,1268,1018,1014,1240,1225,1040,1220,False
2804296,2007-12-19,MSP,LGA,NW,N315US,508,1024,1025,1359,1404,1046,1357,False
2804297,2007-12-19,LGA,CHS,OH,N720SW,5673,1024,1030,1258,1256,1105,1249,False
2804298,2007-12-19,LGA,MSP,AA,N502AA,1037,1025,1046,1245,1250,1114,1247,False
2804299,2007-12-19,LGA,BOS,DL,N911DE,1916,1029,1029,1145,1140,1052,1134,False
2804300,2007-12-19,LGA,MSY,AA,N447AA,411,1030,1027,1305,1256,1056,1254,False
2804301,2007-12-19,LGA,MSY,DL,N989DL,1673,1030,1025,1304,1248,1046,1245,False
2804302,2007-12-19,BOS,LGA,DL,N908DE,1915,1030,1028,1138,1128,1042,1125,False
2804303,2007-12-19,DCA,LGA,DL,N947DL,1948,1030,1027,1137,1123,1037,1119,False
2804304,2007-12-19,LGA,DCA,DL,N909DE,1949,1030,1029,1147,1138,1045,1134,False
2804305,2007-12-19,LGA,RDU,MQ,N721HS,4726,1030,1030,1220,1222,1055,1207,False
2804306,2007-12-19,DEN,LGA,UA,N509UA,402,1030,1043,1607,1610,1058,1606,False
2804307,2007-12-19,LGA,DTW,NW,N925US,539,1031,1044,1233,1257,1117,1247,False
2804308,2007-12-19,LGA,ORD,AA,N536AA,319,1035,1034,1220,1211,1106,1159,False
2804309,2007-12-19,CVG,LGA,MQ,N735TS,4801,1035,1030,1235,1222,1041,1217,False
2804310,2007-12-19,LGA,DTW,MQ,N725AE,4854,1035,1030,1240,1221,1049,1213,False
2804311,2007-12-19,BHM,LGA,OH,N408CA,5694,1035,1040,1404,1423,1100,1409,False
2804312,2007-12-19,LGA,IND,9E,87219E,4776,1040,1036,1310,1301,1107,1252,False
2804313,2007-12-19,ORD,LGA,AA,N494AA,380,1040,1036,1345,1336,1049,1332,False
2804314,2007-12-19,LGA,MIA,AA,N5BSAA,599,1040,1043,1355,1342,1109,1336,False
2804315,2007-12-19,DEN,LGA,F9,N943FR,510,1040,1040,1619,1611,1054,1602,False
2804316,2007-12-19,RDU,LGA,MQ,N712AE,4734,1040,1036,1215,1213,1102,1205,False
2804317,2007-12-19,LGA,IAH,CO,N13624,1033,1045,1050,1355,1406,1129,1357,False
2804318,2007-12-19,IAH,LGA,CO,N19621,432,1045,1039,1517,1520,1119,1511,False
2804319,2007-12-19,ATL,LGA,DL,N658DL,510,1045,1043,1259,1304,1105,1254,False
2804320,2007-12-19,DTW,LGA,MQ,N718AE,4884,1045,1044,1229,1239,1111,1232,False
2804321,2007-12-19,LGA,CLT,MQ,N849AE,4899,1045,1043,1255,1256,1116,1243,False
2804322,2007-12-19,LGA,CMH,OH,N526CA,5462,1045,1042,1253,1252,1120,1245,False
2804323,2007-12-19,LGA,PIT,US,N708UW,1861,1045,1042,1217,1237,1123,1231,False
2804324,2007-12-19,CLE,LGA,MQ,N707EB,4889,1050,1048,1225,1230,1112,1227,False
2804325,2007-12-19,CVG,LGA,OH,N378CA,5534,1050,1100,1242,1259,1113,1251,False
2804326,2007-12-19,LGA,BOS,MQ,N736DT,4805,1055,1050,1210,1202,1120,1156,False
2804327,2007-12-19,LGA,DEN,UA,N536UA,451,1059,1100,1328,1334,1134,1325,False
2804328,2007-12-19,LGA,ATL,DL,N67171,511,1100,1101,1342,1348,1144,1341,False
2804329,2007-12-19,LGA,MCO,DL,N907DE,1887,1100,1054,1354,1356,1133,1350,False
2804330,2007-12-19,LGA,CVG,MQ,N831AE,4914,1100,1103,1310,1322,1138,1317,False
2804331,2007-12-19,LGA,ORD,UA,N386UA,677,1100,1051,1238,1225,1124,1219,False
2804332,2007-12-19,ORD,LGA,UA,N571UA,678,1100,1048,1410,1408,1111,1356,False
2804333,2007-12-19,BOS,LGA,US,N765US,2125,1100,1053,1215,1157,1109,1151,False
2804334,2007-12-19,DCA,LGA,US,N769US,2168,1100,1059,1211,1158,1108,1153,False
2804335,2007-12-19,LGA,BOS,US,N712US,2124,1100,1055,1212,1213,1131,1209,False
2804336,2007-12-19,LGA,DCA,US,N730US,2171,1100,1053,1217,1210,1121,1206,False
2804337,2007-12-19,LGA,DFW,AA,,731,1105,9999,1420,9999,9999,9999,True
2804338,2007-12-19,LGA,MCO,AA,N411AA,1617,1105,1112,1405,1411,1146,1404,False
2804339,2007-12-19,MCO,LGA,DL,N928DL,1752,1105,1102,1345,1342,1114,1327,False
2804340,2007-12-19,RIC,LGA,OH,N420CA,5261,1107,1125,1232,1245,1146,1237,False
2804341,2007-12-19,LGA,ATL,FL,N312AT,361,1109,1108,1339,1344,1141,1340,False
2804342,2007-12-19,DFW,LGA,AA,N467AA,720,1110,1106,1535,1540,1123,1522,False
2804343,2007-12-19,PBI,LGA,B6,N570JB,362,1110,1102,1400,1347,1120,1343,False
2804344,2007-12-19,LGA,MEM,NW,N365NB,177,1110,1151,1309,1356,1220,1349,False
2804345,2007-12-19,CMH,LGA,OH,N818CA,4991,1110,1220,1302,1422,1246,1415,False
2804346,2007-12-19,FLL,LGA,DL,N968DL,1482,1115,1110,1415,1425,1134,1416,False
2804347,2007-12-19,TPA,LGA,DL,N994DL,1897,1115,1110,1354,1349,1124,1341,False
2804348,2007-12-19,LGA,MEM,MQ,N715AE,4882,1120,1150,1330,1340,1208,1336,False
2804349,2007-12-19,LGA,DSM,9E,89709E,2850,1129,1126,1340,1340,1159,1336,False
2804350,2007-12-19,LGA,MSP,NW,N552NW,591,1129,1309,1332,1504,1324,1501,False
2804351,2007-12-19,LGA,ORD,AA,N255AA,321,1130,1128,1315,1307,1156,1257,False
2804352,2007-12-19,LGA,MIA,AA,N3ATAA,2093,1130,1136,1445,1442,1204,1436,False
2804353,2007-12-19,BOS,LGA,DL,N910DE,1917,1130,1128,1239,1251,1148,1248,False
2804354,2007-12-19,LGA,BOS,DL,N913DE,1918,1130,1129,1245,1238,1153,1230,False
2804355,2007-12-19,DCA,LGA,DL,N916DE,1950,1130,1128,1243,1232,1145,1229,False
2804356,2007-12-19,LGA,DCA,DL,N914DE,1951,1130,1127,1249,1242,1152,1239,False
2804357,2007-12-19,DCA,LGA,MQ,N730KW,4786,1130,1123,1245,1225,1133,1220,False
2804358,2007-12-19,MIA,LGA,AA,N3ALAA,894,1140,1137,1429,1433,1149,1422,False
2804359,2007-12-19,IAH,LGA,CO,N37277,1832,1140,1145,1610,1616,1217,1610,False
2804360,2007-12-19,CMH,LGA,MQ,N732DH,4858,1140,1132,1325,1320,1148,1315,False
2804361,2007-12-19,LGA,CLT,US,N746UW,1233,1140,1201,1344,1401,1229,1359,False
2804362,2007-12-19,ORD,LGA,AA,N476AA,378,1145,1145,1450,1444,1157,1440,False
2804363,2007-12-19,ATL,LGA,DL,N683DA,512,1145,1143,1359,1422,1218,1410,False
2804364,2007-12-19,CHS,LGA,OH,N510CA,5066,1145,1145,1357,1355,1203,1348,False
2804365,2007-12-19,CLT,LGA,US,N184US,938,1145,1145,1345,1332,1203,1323,False
2804366,2007-12-19,PBI,LGA,DL,N951DL,1898,1148,1144,1445,1436,1158,1429,False
2804367,2007-12-19,LGA,SAV,OH,N409CA,5606,1148,1200,1425,1435,1237,1425,False
2804368,2007-12-19,DFW,LGA,AA,N416AA,728,1155,1308,1615,1733,1323,1728,False
2804369,2007-12-19,BOS,LGA,MQ,N705AE,4816,1155,1223,1310,1344,1231,1330,False
2804370,2007-12-19,LGA,ATL,DL,N666DN,513,1159,1202,1442,1439,1234,1431,False
2804371,2007-12-19,LGA,DFW,AA,N533AA,739,1200,1157,1515,1509,1223,1457,False
2804372,2007-12-19,LGA,IAH,CO,N10323,1833,1200,1157,1503,1502,1225,1459,False
2804373,2007-12-19,LGA,FLL,DL,N919DE,1835,1200,1157,1514,1508,1233,1501,False
2804374,2007-12-19,LGA,RDU,MQ,N817AE,4713,1200,1156,1345,1346,1227,1341,False
2804375,2007-12-19,LGA,CVG,OH,N379CA,5551,1200,1215,1425,1426,1246,1424,False
2804376,2007-12-19,LGA,ORD,UA,N928UA,679,1200,1159,1338,1323,1226,1321,False
2804377,2007-12-19,ORD,LGA,UA,N938UA,680,1200,1157,1513,1458,1211,1454,False
2804378,2007-12-19,BOS,LGA,US,N755US,2127,1200,1155,1315,1317,1205,1312,False
2804379,2007-12-19,DCA,LGA,US,N767UW,2170,1200,1153,1311,1254,1201,1249,False
2804380,2007-12-19,LGA,BOS,US,N713UW,2126,1200,1151,1310,1258,1213,1253,False
2804381,2007-12-19,LGA,DCA,US,N741UW,2173,1200,1154,1315,1303,1216,1301,False
2804382,2007-12-19,LGA,MSN,MQ,N804AE,4837,1205,1222,1345,1405,1250,1358,False
2804383,2007-12-19,STL,LGA,AA,N218AA,1030,1210,1205,1525,1523,1216,1515,False
2804384,2007-12-19,PBI,LGA,AA,N466AA,1620,1215,1210,1505,1506,1219,1500,False
2804385,2007-12-19,LGA,BNA,AA,N524AA,2275,1215,1217,1355,1348,1239,1342,False
2804386,2007-12-19,ATL,LGA,FL,N308AT,366,1216,1232,1426,1444,1249,1439,False
2804387,2007-12-19,GSO,LGA,OH,N973CA,5561,1220,1220,1359,1405,1239,1355,False
2804388,2007-12-19,SDF,LGA,MQ,N716AE,4835,1225,1220,1430,1431,1235,1417,False
2804389,2007-12-19,CLE,LGA,XE,N15574,3138,1225,1233,1400,1415,1251,1410,False
2804390,2007-12-19,IAD,LGA,YV,N77302,7365,1225,1223,1349,1335,1241,1329,False
2804391,2007-12-19,SAV,LGA,OH,N427CA,5011,1226,1226,1448,1454,1242,1447,False
2804392,2007-12-19,LGA,BOS,DL,N908DE,1920,1229,1227,1337,1336,1246,1324,False
2804393,2007-12-19,LGA,DCA,DL,N947DL,1953,1229,1228,1339,1336,1248,1331,False
2804394,2007-12-19,FLL,LGA,B6,N571JB,376,1230,1231,1533,1535,1253,1527,False
2804395,2007-12-19,BOS,LGA,DL,N911DE,1919,1230,1229,1339,1338,1246,1335,False
2804396,2007-12-19,DCA,LGA,DL,N909DE,1952,1230,1228,1340,1335,1248,1333,False
2804397,2007-12-19,RDU,LGA,MQ,N717AE,4732,1235,1235,1410,1413,1251,1403,False
2804398,2007-12-19,LGA,JAX,OH,N455CA,4987,1235,1230,1524,1510,1254,1505,False
2804399,2007-12-19,LGA,DTW,NW,N336NW,263,1239,1254,1433,1443,1314,1437,False
2804400,2007-12-19,LGA,ORD,AA,N406AA,329,1245,1244,1430,1427,1302,1400,False
2804401,2007-12-19,LGA,DFW,AA,N3DCAA,743,1245,1240,1555,1527,1258,1523,False
2804402,2007-12-19,ATL,LGA,DL,N704X,514,1245,1243,1504,1512,1307,1456,False
2804403,2007-12-19,CLT,LGA,OH,N798CA,5531,1247,1310,1500,1525,1350,1508,False
2804404,2007-12-19,ORD,LGA,AA,,370,1250,9999,1555,9999,9999,9999,True
2804405,2007-12-19,JAX,LGA,OH,N371CA,5146,1252,1252,1529,1535,1319,1518,False
2804406,2007-12-19,DEN,LGA,UA,N587UA,1194,1252,1253,1829,1828,1304,1823,False
2804407,2007-12-19,LGA,STL,AA,N449AA,1757,1255,1249,1445,1436,1309,1431,False
2804408,2007-12-19,LGA,ORD,UA,N817UA,1119,1255,1249,1430,1359,1306,1357,False
2804409,2007-12-19,LGA,ATL,DL,N621DL,515,1259,1303,1536,1530,1322,1522,False
2804410,2007-12-19,TYS,LGA,OH,N964CA,4962,1259,1250,1500,1502,1305,1453,False
2804411,2007-12-19,LGA,DTW,MQ,N712AE,4880,1300,1256,1505,1500,1311,1434,False
2804412,2007-12-19,BOS,LGA,US,N712US,2129,1300,1259,1415,1415,1313,1408,False
2804413,2007-12-19,DCA,LGA,US,N730US,2172,1300,1256,1423,1431,1328,1424,False
2804414,2007-12-19,LGA,BOS,US,N765US,2128,1300,1252,1404,1357,1315,1353,False
2804415,2007-12-19,LGA,DCA,US,N769US,2175,1300,1255,1409,1400,1313,1357,False
2804416,2007-12-19,LGA,MIA,AA,N3CCAA,637,1305,1313,1615,1557,1329,1554,False
2804417,2007-12-19,DTW,LGA,MQ,N725AE,4868,1305,1301,1449,1449,1324,1445,False
2804418,2007-12-19,ORD,LGA,UA,N524UA,682,1305,1307,1623,1627,1338,1623,False
2804419,2007-12-19,CLT,LGA,US,N711UW,1644,1305,1302,1455,1508,1333,1502,False
2804420,2007-12-19,LGA,CLT,US,N106US,1737,1305,1258,1503,1449,1319,1444,False
2804421,2007-12-19,MIA,LGA,AA,N624AA,1818,1310,1336,1605,1639,1359,1631,False
2804422,2007-12-19,LGA,IAH,CO,N17244,433,1310,1332,1613,1645,1400,1635,False
2804423,2007-12-19,ATL,LGA,FL,N278AT,355,1310,1310,1520,1539,1336,1526,False
2804424,2007-12-19,LGA,CLT,MQ,N718AE,4895,1310,1329,1515,1545,1408,1538,False
2804425,2007-12-19,MSP,LGA,NW,N516US,594,1310,1308,1654,1651,1331,1639,False
2804426,2007-12-19,BOS,LGA,MQ,N736DT,4818,1315,1321,1430,1435,1331,1419,False
2804427,2007-12-19,LGA,RDU,OH,N420CA,5005,1317,1317,1513,1455,1338,1449,False
2804428,2007-12-19,LGA,FLL,B6,N517JB,377,1320,1319,1622,1610,1336,1604,False
2804429,2007-12-19,LGA,ATL,FL,N315AT,365,1320,1352,1550,1622,1413,1612,False
2804430,2007-12-19,LGA,RDU,MQ,N704PG,4711,1320,1338,1505,1528,1409,1520,False
2804431,2007-12-19,CLT,LGA,MQ,N849AE,4898,1320,1329,1519,1524,1356,1519,False
2804432,2007-12-19,DFW,LGA,AA,N5DXAA,732,1325,1356,1745,1809,1408,1806,False
2804433,2007-12-19,MSP,LGA,AA,N502AA,1154,1325,1322,1715,1702,1342,1652,False
2804434,2007-12-19,LGA,MSP,NW,N357NW,1277,1325,1322,1521,1533,1343,1516,False
2804435,2007-12-19,LGA,CVG,OH,N378CA,5543,1328,1345,1555,1605,1419,1601,False
2804436,2007-12-19,CHS,LGA,OH,N720SW,5672,1328,1351,1531,1557,1404,1539,False
2804437,2007-12-19,ORD,LGA,AA,N542AA,368,1330,1328,1640,1630,1343,1627,False
2804438,2007-12-19,LGA,DFW,AA,N3ACAA,745,1330,1329,1635,1632,1402,1627,False
2804439,2007-12-19,BOS,LGA,DL,N913DE,1921,1330,1328,1443,1436,1347,1432,False
2804440,2007-12-19,LGA,BOS,DL,N910DE,1922,1330,1329,1438,1442,1351,1430,False
2804441,2007-12-19,DCA,LGA,DL,N914DE,1954,1330,1330,1450,1430,1341,1427,False
2804442,2007-12-19,LGA,DCA,DL,N916DE,1955,1330,1330,1441,1445,1401,1442,False
2804443,2007-12-19,LGA,CVG,MQ,N730KW,4804,1330,1325,1540,1545,1346,1535,False
2804444,2007-12-19,CVG,LGA,OH,N819CA,5122,1330,1330,1532,1547,1352,1533,False
2804445,2007-12-19,LGA,ORD,AA,N505AA,333,1335,1333,1515,1518,1406,1508,False
2804446,2007-12-19,IAH,LGA,CO,N37290,532,1335,1345,1802,1810,1403,1804,False
2804447,2007-12-19,CVG,LGA,MQ,N831AE,4915,1335,1344,1540,1536,1358,1532,False
2804448,2007-12-19,LGA,BOS,MQ,N707EB,4827,1340,1400,1450,1502,1424,1458,False
2804449,2007-12-19,ATL,LGA,DL,N688DL,516,1345,1346,1559,1551,1401,1544,False
2804450,2007-12-19,MSY,LGA,DL,N989DL,1734,1345,1341,1744,1735,1351,1726,False
2804451,2007-12-19,DCA,LGA,MQ,N728AE,4790,1345,1452,1500,1606,1517,1601,False
2804452,2007-12-19,DTW,LGA,NW,N353NW,1224,1347,1354,1529,1531,1406,1521,False
2804453,2007-12-19,LGA,DCA,MQ,N732DH,4785,1350,1445,1505,1550,1502,1547,False
2804454,2007-12-19,LGA,BHM,OH,N818CA,5161,1350,1510,1547,1700,1546,1657,False
2804455,2007-12-19,FLL,LGA,AA,N483AA,626,1355,1435,1650,1741,1453,1735,False
2804456,2007-12-19,MEM,LGA,MQ,N715AE,4922,1355,1404,1735,1728,1413,1722,False
2804457,2007-12-19,LGA,ATL,DL,N658DL,517,1359,1401,1637,1630,1429,1623,False
2804458,2007-12-19,LGA,DEN,UA,N537UA,333,1400,1406,1628,1639,1426,1612,False
2804459,2007-12-19,LGA,ORD,UA,N845UA,683,1400,1358,1535,1522,1422,1519,False
2804460,2007-12-19,ORD,LGA,UA,N928UA,684,1400,1403,1721,1658,1415,1653,False
2804461,2007-12-19,BOS,LGA,US,N740UW,2131,1400,1422,1519,1541,1440,1528,False
2804462,2007-12-19,DCA,LGA,US,N741UW,2174,1400,1350,1515,1505,1407,1458,False
2804463,2007-12-19,LGA,BOS,US,N755US,2130,1400,1352,1507,1454,1415,1446,False
2804464,2007-12-19,LGA,DCA,US,N767UW,2177,1400,1358,1512,1509,1421,1505,False
2804465,2007-12-19,LGA,STL,AA,N551AA,2223,1405,1357,1600,1551,1419,1547,False
2804466,2007-12-19,LGA,CLE,MQ,N705AE,4887,1405,1408,1555,1552,1434,1547,False
2804467,2007-12-19,MSY,LGA,AA,N447AA,462,1410,1410,1755,1800,1421,1755,False
2804468,2007-12-19,MSN,LGA,MQ,N804AE,4829,1410,1433,1725,1748,1446,1742,False
2804469,2007-12-19,RDU,LGA,MQ,N722AE,4741,1420,1426,1600,1549,1439,1546,False
2804470,2007-12-19,ATL,LGA,FL,N326AT,362,1421,1416,1630,1624,1425,1611,False
2804471,2007-12-19,MEM,LGA,NW,N9343,632,1423,1414,1759,1830,1443,1812,False
2804472,2007-12-19,CLT,LGA,US,N104UW,1182,1425,1543,1617,1737,1604,1731,False
2804473,2007-12-19,LGA,IAD,YV,N77302,7365,1425,1421,1550,1539,1442,1534,False
2804474,2007-12-19,ORD,LGA,AA,N403AA,366,1430,1521,1745,1846,1538,1828,False
2804475,2007-12-19,DFW,LGA,AA,N511AA,736,1430,1508,1900,1931,1521,1925,False
2804476,2007-12-19,LGA,IAH,CO,N33714,133,1430,1455,1740,1754,1517,1746,False
2804477,2007-12-19,BOS,LGA,DL,N908DE,1923,1430,1428,1541,1545,1457,1542,False
2804478,2007-12-19,LGA,BOS,DL,N911DE,1924,1430,1428,1541,1534,1446,1520,False
2804479,2007-12-19,DCA,LGA,DL,N947DL,1956,1430,1427,1543,1540,1448,1536,False
2804480,2007-12-19,LGA,DCA,DL,N909DE,1957,1430,1429,1539,1536,1450,1533,False
2804481,2007-12-19,LGA,RDU,MQ,N716AE,4716,1430,1459,1610,1647,1527,1641,False
2804482,2007-12-19,LGA,CLE,XE,N15574,3139,1430,1435,1615,1625,1459,1609,False
2804483,2007-12-19,LGA,ORD,AA,N488AA,335,1435,1806,1620,1940,1833,1934,False
2804484,2007-12-19,LGA,DFW,AA,N3AVAA,751,1435,1510,1740,1754,1531,1746,False
2804485,2007-12-19,LGA,MCO,DL,N928DL,1223,1435,1438,1731,1721,1455,1714,False
2804486,2007-12-19,MCO,LGA,DL,N907DE,1846,1435,1433,1719,1716,1444,1700,False
2804487,2007-12-19,LGA,FLL,DL,N994DL,1485,1440,1443,1804,1738,1506,1733,False
2804488,2007-12-19,CAK,LGA,FL,N946AT,207,1442,1451,1604,1630,1508,1613,False
2804489,2007-12-19,LGA,SAV,OH,N973CA,5557,1442,1442,1716,1715,1515,1704,False
2804490,2007-12-19,ATL,LGA,AA,N488AA,1868,1445,1442,1659,1703,1501,1647,False
2804491,2007-12-19,ATL,LGA,DL,N998DL,518,1445,1454,1705,1715,1516,1704,False
2804492,2007-12-19,LGA,CLT,US,N184US,1957,1445,1440,1650,1626,1457,1619,False
2804493,2007-12-19,IAH,LGA,CO,N16650,1532,1448,1446,1930,1915,1458,1907,False
2804494,2007-12-19,ATL,LGA,FL,N288AT,500,1448,1450,1659,1720,1510,1657,False
2804495,2007-12-19,LGA,XNA,MQ,N709GB,4825,1450,1449,1730,1715,1504,1701,False
2804496,2007-12-19,LGA,GSO,OH,N510CA,5546,1450,1450,1649,1640,1520,1635,False
2804497,2007-12-19,MIA,LGA,AA,N3BXAA,1530,1455,1523,1755,1824,1539,1820,False
2804498,2007-12-19,LGA,MCO,B6,N570JB,395,1455,1449,1751,1742,1520,1732,False
2804499,2007-12-19,SAV,LGA,OH,N409CA,5540,1455,1509,1709,1725,1528,1715,False
2804500,2007-12-19,LGA,ATL,DL,N683DA,519,1500,1513,1742,1735,1535,1729,False
2804501,2007-12-19,CVG,LGA,DL,N919DL,898,1500,1452,1659,1649,1502,1633,False
2804502,2007-12-19,LGA,PBI,DL,N968DL,1833,1500,1509,1818,1811,1538,1808,False
2804503,2007-12-19,LGA,PIT,MQ,N717AE,4903,1500,1457,1635,1622,1515,1615,False
2804504,2007-12-19,LGA,CLT,OH,N408CA,5251,1500,1520,1715,1730,1554,1720,False
2804505,2007-12-19,LGA,ORD,UA,N571UA,385,1500,1456,1634,1621,1522,1614,False
2804506,2007-12-19,ORD,LGA,UA,N376UA,686,1500,1631,1821,1954,1652,1949,False
2804507,2007-12-19,BOS,LGA,US,N765US,2133,1500,1455,1616,1555,1505,1549,False
2804508,2007-12-19,DCA,LGA,US,N756US,2176,1500,1512,1613,1609,1523,1604,False
2804509,2007-12-19,LGA,BOS,US,N712US,2132,1500,1454,1611,1551,1508,1543,False
2804510,2007-12-19,LGA,DCA,US,N730US,2179,1500,1457,1616,1558,1510,1553,False
2804511,2007-12-19,DSM,LGA,9E,85159E,2851,1505,1505,1850,1926,1527,1916,False
2804512,2007-12-19,LGA,ATL,FL,N308AT,369,1507,1531,1737,1752,1547,1746,False
2804513,2007-12-19,LGA,BOS,MQ,,4811,1510,9999,1620,9999,9999,9999,True
2804514,2007-12-19,LGA,CMH,MQ,N736DT,4919,1510,1507,1705,1653,1529,1649,False
2804515,2007-12-19,MSP,LGA,NW,N555NW,110,1510,1512,1851,1925,1531,1911,False
2804516,2007-12-19,DTW,LGA,NW,N368NB,530,1511,1553,1659,1747,1612,1737,False
2804517,2007-12-19,LGA,DFW,AA,N3BSAA,753,1515,1548,1820,1903,1609,1842,False
2804518,2007-12-19,BNA,LGA,AA,N508AA,2022,1515,1520,1825,1840,1536,1829,False
2804519,2007-12-19,DEN,LGA,F9,N907FR,516,1515,1527,2055,2100,1537,2053,False
2804520,2007-12-19,LGA,MIA,AA,N3ALAA,1713,1520,1528,1830,1910,1544,1822,False
2804521,2007-12-19,BOS,LGA,MQ,N707EB,4820,1520,1532,1640,1648,1601,1642,False
2804522,2007-12-19,CLE,LGA,CO,N39728,1450,1525,1519,1717,1652,1535,1645,False
2804523,2007-12-19,LGA,BOS,DL,N913DE,1926,1529,1529,1645,1635,1542,1619,False
2804524,2007-12-19,LGA,CLT,MQ,N713AE,4901,1529,1559,1735,1749,1621,1744,False
2804525,2007-12-19,IND,LGA,9E,86469E,4775,1530,1525,1750,1728,1536,1719,False
2804526,2007-12-19,ORD,LGA,AA,N561AA,362,1530,1527,1845,1855,1542,1842,False
2804527,2007-12-19,LGA,TPA,DL,N951DL,1853,1530,1531,1835,1831,1557,1826,False
2804528,2007-12-19,BOS,LGA,DL,N910DE,1925,1530,1528,1641,1628,1539,1625,False
2804529,2007-12-19,DCA,LGA,DL,N916DE,1958,1530,1528,1645,1629,1541,1626,False
2804530,2007-12-19,LGA,DCA,DL,N914DE,1959,1530,1529,1647,1632,1540,1623,False
2804531,2007-12-19,DTW,LGA,MQ,N712AE,4883,1530,1538,1719,1717,1547,1711,False
2804532,2007-12-19,LGA,CHS,OH,N427CA,5245,1533,1545,1757,1755,1606,1745,False
2804533,2007-12-19,LGA,ORD,AA,N494AA,337,1535,1532,1715,1710,1558,1701,False
2804534,2007-12-19,DFW,LGA,AA,N489AA,740,1535,1604,2000,2025,1614,2018,False
2804535,2007-12-19,LGA,PIT,US,N711UW,1445,1540,1539,1717,1715,1608,1710,False
2804536,2007-12-19,RDU,LGA,OH,N420CA,5162,1543,1543,1729,1704,1544,1650,False
2804537,2007-12-19,ATL,LGA,DL,N666DN,520,1545,1551,1759,1827,1619,1815,False
2804538,2007-12-19,CLT,LGA,MQ,N718AE,4896,1545,1612,1750,1817,1642,1811,False
2804539,2007-12-19,LGA,RIC,OH,N798CA,5263,1545,1540,1721,1726,1617,1721,False
2804540,2007-12-19,ORD,LGA,UA,N834UA,688,1550,1547,1915,1936,1613,1932,False
2804541,2007-12-19,LGA,DEN,UA,N584UA,315,1552,1620,1820,1840,1644,1824,False
2804542,2007-12-19,IAH,LGA,CO,N11656,632,1555,1554,2030,2022,1610,2014,False
2804543,2007-12-19,JAX,LGA,OH,N455CA,4988,1555,1545,1820,1835,1600,1811,False
2804544,2007-12-19,LGA,ATL,DL,N704X,521,1559,1558,1846,1840,1629,1823,False
2804545,2007-12-19,LGA,DCA,MQ,N725AE,4789,1559,1603,1715,1724,1636,1718,False
2804546,2007-12-19,ORD,LGA,AA,N456AA,360,1600,1558,1915,1932,1608,1927,False
2804547,2007-12-19,FLL,LGA,DL,N919DE,1786,1600,1551,1904,1900,1607,1851,False
2804548,2007-12-19,LGA,ATL,FL,N278AT,367,1600,1615,1830,1840,1639,1832,False
2804549,2007-12-19,LGA,ORD,UA,N938UA,1277,1600,1556,1738,1713,1615,1711,False
2804550,2007-12-19,BOS,LGA,US,N755US,2135,1600,1553,1718,1655,1606,1648,False
2804551,2007-12-19,DCA,LGA,US,N767UW,2178,1600,1557,1713,1725,1631,1717,False
2804552,2007-12-19,LGA,BOS,US,N741UW,2134,1600,1625,1715,1806,1704,1752,False
2804553,2007-12-19,LGA,DCA,US,N740UW,2181,1600,1604,1720,1708,1623,1704,False
2804554,2007-12-19,STL,LGA,AA,N472AA,1104,1605,1603,1929,2001,1613,1945,False
2804555,2007-12-19,LGA,ATL,AA,N466AA,2393,1605,1603,1845,1849,1632,1831,False
2804556,2007-12-19,CVG,LGA,MQ,N730KW,4807,1605,1612,1810,1823,1635,1817,False
2804557,2007-12-19,DFW,LGA,AA,N3DGAA,742,1610,1608,2029,2041,1621,2023,False
2804558,2007-12-19,LGA,DFW,AA,N218AA,759,1610,1613,1925,1923,1640,1910,False
2804559,2007-12-19,CLT,LGA,US,N181UW,1533,1610,1606,1759,1749,1620,1744,False
2804560,2007-12-19,CMH,LGA,OH,N999CA,5269,1612,1625,1759,1830,1644,1810,False
2804561,2007-12-19,LGA,FLL,B6,N571JB,381,1615,1627,1925,1926,1657,1923,False
2804562,2007-12-19,LGA,JAX,OH,N720SW,5436,1616,1635,1913,1923,1715,1915,False
2804563,2007-12-19,LGA,BOS,MQ,N831AE,4813,1620,1627,1735,1748,1658,1742,False
2804564,2007-12-19,CLE,LGA,MQ,N705AE,4828,1620,1621,1759,1800,1635,1753,False
2804565,2007-12-19,LGA,CLE,MQ,N728AE,4875,1620,1631,1810,1846,1711,1840,False
2804566,2007-12-19,DEN,LGA,UA,N820UA,406,1621,1743,2201,2313,1800,2310,False
2804567,2007-12-19,LGA,CVG,OH,N819CA,5149,1624,1624,1854,1855,1706,1850,False
2804568,2007-12-19,LGA,RDU,AA,N467AA,1051,1625,1626,1810,1807,1651,1800,False
2804569,2007-12-19,LGA,ORD,AA,N476AA,341,1629,1629,1814,1804,1654,1753,False
2804570,2007-12-19,LGA,DTW,NW,N315US,347,1629,1626,1831,1820,1652,1813,False
2804571,2007-12-19,GSP,LGA,OH,N729CA,5374,1629,1622,1845,1900,1650,1832,False
2804572,2007-12-19,ORD,LGA,AA,N486AA,358,1630,1635,1940,1957,1646,1944,False
2804573,2007-12-19,LGA,CLE,CO,N19621,1057,1630,1622,1821,1817,1655,1806,False
2804574,2007-12-19,BOS,LGA,DL,N911DE,1927,1630,1630,1745,1750,1650,1747,False
2804575,2007-12-19,LGA,BOS,DL,N912DE,1928,1630,1628,1748,1742,1649,1733,False
2804576,2007-12-19,DCA,LGA,DL,N909DE,1960,1630,1627,1741,1742,1649,1738,False
2804577,2007-12-19,LGA,DCA,DL,N947DL,1961,1630,1629,1748,1748,1702,1746,False
2804578,2007-12-19,LGA,MEM,NW,N353NW,181,1630,1622,1833,1819,1643,1808,False
2804579,2007-12-19,LGA,CMH,OH,N371CA,5679,1630,1745,1823,1940,1813,1935,False
2804580,2007-12-19,LGA,CAK,FL,N946AT,213,1639,1655,1811,1838,1730,1835,False
2804581,2007-12-19,LGA,DTW,MQ,N722AE,4847,1640,1637,1845,1848,1712,1839,False
2804582,2007-12-19,ATL,LGA,DL,N673DL,522,1645,1643,1906,1920,1709,1902,False
2804583,2007-12-19,PHF,LGA,FL,N964AT,644,1649,1715,1815,1856,1727,1835,False
2804584,2007-12-19,RDU,LGA,AA,N4YFAA,1198,1650,1708,1825,1854,1730,1848,False
2804585,2007-12-19,BOS,LGA,MQ,N710TB,4823,1650,1650,1815,1821,1703,1812,False
2804586,2007-12-19,CVG,LGA,OH,N966CA,5308,1650,1728,1858,2015,1741,2005,False
2804587,2007-12-19,ATL,LGA,FL,N318AT,364,1651,1651,1905,1939,1720,1915,False
2804588,2007-12-19,LGA,DFW,AA,N542AA,763,1659,1738,2014,2047,1806,2034,False
2804589,2007-12-19,LGA,CVG,MQ,N719AE,4812,1659,1656,1915,1918,1731,1912,False
2804590,2007-12-19,MIA,LGA,AA,N3CSAA,592,1700,1706,2000,2022,1720,2002,False
2804591,2007-12-19,LGA,IAH,CO,N37277,1433,1700,1709,2010,2024,1738,2013,False
2804592,2007-12-19,LGA,ATL,DL,N688DL,523,1700,1700,1946,2001,1749,1942,False
2804593,2007-12-19,PIT,LGA,MQ,N717AE,4902,1700,1656,1840,1910,1734,1904,False
2804594,2007-12-19,LGA,ORD,UA,N509UA,129,1700,1700,1834,1846,1750,1842,False
2804595,2007-12-19,ORD,LGA,UA,N529UA,690,1700,1659,2023,2010,1711,2001,False
2804596,2007-12-19,BOS,LGA,US,N712US,2137,1700,1656,1821,1825,1717,1813,False
2804597,2007-12-19,DCA,LGA,US,N730US,2180,1700,1654,1814,1811,1707,1803,False
2804598,2007-12-19,LGA,BOS,US,N765US,2136,1700,1654,1815,1816,1722,1802,False
2804599,2007-12-19,LGA,DCA,US,N756US,2183,1700,1655,1820,1809,1724,1804,False
2804600,2007-12-19,CLE,LGA,XE,N14505,2607,1700,1654,1837,1857,1714,1850,False
2804601,2007-12-19,DFW,LGA,AA,N519AA,744,1705,1657,2125,2122,1711,2116,False
2804602,2007-12-19,LGA,MIA,AA,N624AA,1559,1705,1737,2015,2042,1759,2035,False
2804603,2007-12-19,MSP,LGA,NW,N515US,514,1705,1659,2048,2102,1728,2040,False
2804604,2007-12-19,LGA,CLT,US,N104UW,1627,1705,1820,1914,2023,1843,2002,False
2804605,2007-12-19,LGA,ATL,FL,N326AT,371,1710,1712,1940,1950,1740,1933,False
2804606,2007-12-19,DTW,LGA,NW,N314US,340,1711,1708,1859,1950,1741,1935,False
2804607,2007-12-19,LGA,ORD,AA,,345,1715,9999,1859,9999,9999,9999,True
2804608,2007-12-19,LGA,DEN,UA,N524UA,409,1717,1717,1946,1956,1758,1945,False
2804609,2007-12-19,LGA,DCA,MQ,N707EB,4791,1720,1715,1840,1840,1752,1837,False
2804610,2007-12-19,BOS,LGA,DL,N913DE,1929,1730,1727,1841,1857,1747,1853,False
2804611,2007-12-19,LGA,BOS,DL,N910DE,1930,1730,1728,1852,1857,1802,1842,False
2804612,2007-12-19,DCA,LGA,DL,N914DE,1962,1730,1729,1852,1841,1749,1838,False
2804613,2007-12-19,LGA,DCA,DL,N916DE,1963,1730,1729,1850,1853,1805,1850,False
2804614,2007-12-19,LGA,DEN,F9,N943FR,511,1730,1724,1951,2000,1801,1951,False
2804615,2007-12-19,CMH,LGA,MQ,N736DT,4918,1730,1728,1919,1947,1747,1941,False
2804616,2007-12-19,ORD,LGA,AA,N536AA,354,1735,1756,2045,2141,1839,2135,False
2804617,2007-12-19,PBI,LGA,B6,N652JB,364,1735,1844,2022,2134,1857,2130,False
2804618,2007-12-19,BHM,LGA,OH,N918CA,5164,1735,1735,2104,2110,1747,2100,False
2804619,2007-12-19,LGA,PHF,FL,N288AT,915,1739,1800,1858,1919,1825,1914,False
2804620,2007-12-19,DCA,LGA,MQ,N725AE,4792,1740,1746,1905,1905,1801,1856,False
2804621,2007-12-19,ATL,LGA,FL,N960AT,372,1742,1829,2000,2048,1854,2042,False
2804622,2007-12-19,IAH,LGA,CO,N77295,1632,1745,1801,2220,2239,1829,2234,False
2804623,2007-12-19,ATL,LGA,DL,N970DL,524,1745,1746,2011,2046,1842,2030,False
2804624,2007-12-19,LGA,CVG,DL,N919DL,1022,1745,1745,2007,2004,1822,1959,False
2804625,2007-12-19,CHS,LGA,OH,N523CA,5138,1745,1849,1959,2055,1901,2040,False
2804626,2007-12-19,CLT,LGA,OH,N408CA,5536,1745,1910,1944,2110,1926,2055,False
2804627,2007-12-19,SAV,LGA,OH,N973CA,5558,1746,1740,1959,2033,1843,2028,False
2804628,2007-12-19,DFW,LGA,AA,N528AA,750,1750,1803,2210,2245,1819,2239,False
2804629,2007-12-19,LGA,RDU,OH,N420CA,5229,1754,1754,1959,2000,1846,1955,False
2804630,2007-12-19,LGA,DSM,MQ,N735TS,4822,1755,1746,2015,1959,1811,1957,False
2804631,2007-12-19,XNA,LGA,MQ,N709GB,4838,1755,1748,2225,2200,1758,2152,False
2804632,2007-12-19,RIC,LGA,OH,N798CA,5266,1755,1755,1919,1935,1818,1925,False
2804633,2007-12-19,LGA,DTW,NW,N368NB,529,1758,1837,2005,2041,1903,2028,False
2804634,2007-12-19,LGA,MCO,AA,N416AA,1329,1759,1817,2049,2105,1850,2102,False
2804635,2007-12-19,LGA,ATL,DL,N907DE,525,1759,1800,2047,2049,1828,2021,False
2804636,2007-12-19,LGA,TPA,DL,N998DL,1850,1759,1756,2058,2102,1834,2058,False
2804637,2007-12-19,LGA,MSP,NW,N516US,521,1759,1757,2011,2015,1824,2003,False
2804638,2007-12-19,FLL,LGA,B6,N582JB,378,1800,1839,2100,2207,1908,2202,False
2804639,2007-12-19,RDU,LGA,MQ,N738NR,4735,1800,1756,1940,1946,1817,1938,False
2804640,2007-12-19,BOS,LGA,MQ,N831AE,4806,1800,1820,1925,1951,1839,1942,False
2804641,2007-12-19,CLT,LGA,MQ,N713AE,4900,1800,1814,2005,2031,1903,2025,False
2804642,2007-12-19,LGA,ORD,UA,N928UA,691,1800,1802,1938,1928,1827,1925,False
2804643,2007-12-19,ORD,LGA,UA,N580UA,836,1800,1820,2121,2145,1847,2141,False
2804644,2007-12-19,BOS,LGA,US,N741UW,2139,1800,1854,1921,2010,1901,2000,False
2804645,2007-12-19,DCA,LGA,US,N740UW,2182,1800,1758,1916,1925,1817,1912,False
2804646,2007-12-19,LGA,BOS,US,N755US,2138,1800,1755,1918,1907,1819,1857,False
2804647,2007-12-19,LGA,DCA,US,N767UW,2185,1800,1753,1923,1904,1812,1859,False
2804648,2007-12-19,LGA,CLE,CO,N39728,1651,1802,1800,1952,1948,1830,1937,False
2804649,2007-12-19,IAD,LGA,YV,N515MJ,7145,1805,1802,1929,1950,1829,1939,False
2804650,2007-12-19,LGA,MSP,AA,N483AA,1191,1810,1824,2035,2051,1848,2046,False
2804651,2007-12-19,IND,LGA,9E,89039E,4779,1815,1834,2035,2128,1938,2122,False
2804652,2007-12-19,LGA,ORD,AA,N403AA,347,1815,1938,1959,2102,2000,2054,False
2804653,2007-12-19,ORD,LGA,AA,N297AA,350,1815,1813,2125,2142,1842,2137,False
2804654,2007-12-19,CLT,LGA,US,N172US,1630,1815,1812,2008,2021,1840,2004,False
2804655,2007-12-19,TYS,LGA,OH,N403CA,5484,1818,1845,2029,2048,1855,2033,False
2804656,2007-12-19,LGA,CLT,OH,N409CA,5594,1820,1815,2044,2025,1855,2020,False
2804657,2007-12-19,MCO,LGA,DL,N928DL,1198,1825,1834,2101,2121,1847,2112,False
2804658,2007-12-19,LGA,CMH,MQ,N804AE,4855,1825,1818,2020,2011,1847,2005,False
2804659,2007-12-19,LGA,GRR,9E,86469E,4751,1829,1825,2050,2031,1852,2026,False
2804660,2007-12-19,LGA,CLT,MQ,N715AE,4897,1829,1828,2040,2045,1909,2036,False
2804661,2007-12-19,DFW,LGA,AA,N414AA,762,1830,1825,2245,2300,1840,2248,False
2804662,2007-12-19,BOS,LGA,DL,N912DE,1931,1830,1828,1947,1951,1848,1946,False
2804663,2007-12-19,LGA,BOS,DL,N911DE,1932,1830,1828,1949,1945,1856,1930,False
2804664,2007-12-19,DCA,LGA,DL,N947DL,1964,1830,1828,1944,2057,1956,2051,False
2804665,2007-12-19,LGA,DCA,DL,N909DE,1965,1830,1829,1949,1953,1900,1942,False
2804666,2007-12-19,DEN,LGA,UA,N538UA,408,1830,1958,2358,128,2026,125,False
2804667,2007-12-19,LGA,FNT,MQ,N736DT,4860,1835,2020,2045,2218,2048,2211,False
2804668,2007-12-19,CLE,LGA,MQ,N728AE,4888,1835,1925,2015,2118,1948,2114,False
2804669,2007-12-19,LGA,DFW,AA,N5DXAA,785,1840,1922,2140,2220,1953,2216,False
2804670,2007-12-19,LGA,MIA,AA,N3BXAA,1831,1840,1932,2150,2216,1945,2210,False
2804671,2007-12-19,LGA,FLL,DL,N989DL,1885,1840,1835,2158,2135,1905,2131,False
2804672,2007-12-19,LGA,RDU,MQ,N710TB,4736,1840,1850,2025,2030,1912,2025,False
2804673,2007-12-19,MEM,LGA,NW,N350NA,175,1840,1836,2215,2230,1851,2216,False
2804674,2007-12-19,ATL,LGA,DL,N683DA,526,1845,1851,2107,2121,1912,2108,False
2804675,2007-12-19,TPA,LGA,DL,N390DA,1892,1845,1837,2128,2143,1857,2123,False
2804676,2007-12-19,LGA,IND,NW,N9343,669,1845,1858,2118,2132,1927,2114,False
2804677,2007-12-19,CAE,LGA,EV,N977EV,4686,1846,1946,2041,2150,1957,2140,False
2804678,2007-12-19,MSP,LGA,AA,N233AA,1192,1850,2003,2235,2337,2019,2319,False
2804679,2007-12-19,LGA,MEM,MQ,N730KW,4923,1850,1851,2055,2048,1915,2042,False
2804680,2007-12-19,LGA,GSP,OH,N999CA,5417,1850,1850,2116,2100,1921,2055,False
2804681,2007-12-19,LGA,CLT,US,N181UW,1935,1850,1844,2105,2044,1916,2040,False
2804682,2007-12-19,STL,LGA,AA,N4XGAA,1060,1855,1942,2215,2301,1954,2246,False
2804683,2007-12-19,LGA,BNA,AA,N447AA,1551,1855,1856,2025,2015,1919,2010,False
2804684,2007-12-19,IAH,LGA,CO,N14237,732,1855,1912,2318,2325,1935,2320,False
2804685,2007-12-19,LGA,BOS,MQ,N705AE,4815,1855,1853,2010,1955,1911,1945,False
2804686,2007-12-19,LGA,IAH,CO,N37290,233,1859,1909,2204,2202,1929,2157,False
2804687,2007-12-19,CLE,LGA,CO,N14639,1050,1859,1928,2054,2117,1944,2100,False
2804688,2007-12-19,LGA,ATL,DL,N666DN,527,1859,1916,2140,2152,1950,2143,False
2804689,2007-12-19,LGA,ATL,FL,N964AT,357,1859,1932,2129,2148,1944,2139,False
2804690,2007-12-19,RDU,LGA,OH,N868CA,5350,1900,1950,2054,2302,2045,2255,False
2804691,2007-12-19,LGA,ORD,UA,N376UA,693,1900,2033,2047,2219,2114,2215,False
2804692,2007-12-19,BOS,LGA,US,N765US,2141,1900,1903,2025,2022,1913,2016,False
2804693,2007-12-19,DCA,LGA,US,N756US,2184,1900,1855,2017,2107,2004,2103,False
2804694,2007-12-19,LGA,BOS,US,N730US,2140,1900,1856,2021,2002,1914,1955,False
2804695,2007-12-19,LGA,DCA,US,N712US,2187,1900,1854,2025,2015,1923,2008,False
2804696,2007-12-19,MIA,LGA,AA,N5EGAA,1876,1905,1902,2200,2222,1919,2213,False
2804697,2007-12-19,MCO,LGA,B6,N592JB,396,1905,1901,2154,2156,1915,2151,False
2804698,2007-12-19,PBI,LGA,DL,N968DL,1822,1905,1953,2154,2309,2006,2303,False
2804699,2007-12-19,DCA,LGA,MQ,N707EB,4794,1905,1946,2025,2135,2036,2132,False
2804700,2007-12-19,LGA,RIC,OH,N455CA,5268,1905,1905,2046,2041,1936,2035,False
2804701,2007-12-19,ORD,LGA,UA,,850,1905,9999,2228,9999,9999,9999,True
2804702,2007-12-19,ATL,LGA,FL,N295AT,343,1907,1950,2120,2228,2007,2223,False
2804703,2007-12-19,DTW,LGA,MQ,N722AE,4861,1910,1906,2100,2053,1930,2049,False
2804704,2007-12-19,LGA,ORD,AA,N561AA,353,1915,2035,2055,2205,2104,2200,False
2804705,2007-12-19,LGA,TPA,AA,N508AA,543,1915,1923,2215,2232,1957,2227,False
2804706,2007-12-19,MSP,LGA,NW,N528US,360,1915,1945,2255,2324,2010,2313,False
2804707,2007-12-19,LGA,IAD,UA,N587UA,847,1920,1919,2047,2040,1951,2035,False
2804708,2007-12-19,DTW,LGA,NW,N378NW,538,1922,1922,2109,2114,1941,2105,False
2804709,2007-12-19,LGA,ATL,AA,N4YFAA,1297,1925,1944,2200,2230,2026,2219,False
2804710,2007-12-19,ATL,LGA,AA,N466AA,2394,1925,1931,2140,2227,2002,2221,False
2804711,2007-12-19,LGA,FNT,9E,,3752,1929,9999,2140,9999,9999,9999,True
2804712,2007-12-19,ORD,LGA,AA,N438AA,346,1930,2047,2240,2337,2103,2332,False
2804713,2007-12-19,RSW,LGA,DL,N950DL,1210,1930,1936,2220,2308,1947,2257,False
2804714,2007-12-19,BOS,LGA,DL,N910DE,1933,1930,1927,2045,2110,2013,2102,False
2804715,2007-12-19,LGA,BOS,DL,N913DE,1934,1930,1928,2045,2032,1943,2016,False
2804716,2007-12-19,DCA,LGA,DL,N916DE,1966,1930,1938,2046,2153,2037,2145,False
2804717,2007-12-19,LGA,DCA,DL,N914DE,1967,1930,1928,2043,2039,1948,2033,False
2804718,2007-12-19,LGA,GSO,OH,N729CA,5570,1930,1945,2140,2130,2015,2125,False
2804719,2007-12-19,LGA,CLE,XE,N14505,2315,1930,1923,2110,2053,1940,2047,False
2804720,2007-12-19,CVG,LGA,DL,N963DL,940,1940,1937,2146,2144,1945,2126,False
2804721,2007-12-19,CVG,LGA,MQ,N719AE,4817,1940,1939,2145,2150,1955,2143,False
2804722,2007-12-19,LGA,STL,AA,N511AA,2019,1945,2044,2135,2229,2109,2227,False
2804723,2007-12-19,ATL,LGA,DL,N617DL,528,1945,1956,2205,2238,2010,2229,False
2804724,2007-12-19,RDU,LGA,MQ,N704PG,4745,1945,2010,2125,2235,2055,2231,False
2804725,2007-12-19,LGA,DCA,MQ,N725AE,4793,1945,1939,2059,2050,2006,2046,False
2804726,2007-12-19,JAX,LGA,OH,N720SW,5584,1945,1945,2216,2247,1952,2241,False
2804727,2007-12-19,LGA,MSP,NW,N555NW,519,1947,2026,2148,2238,2056,2232,False
2804728,2007-12-19,LGA,MCO,DL,N919DE,1847,1950,1949,2249,2250,2035,2246,False
2804729,2007-12-19,ATL,LGA,FL,N944AT,399,1950,2028,2200,2301,2036,2253,False
2804730,2007-12-19,LGA,RDU,OH,N966CA,5649,1950,2035,2149,2235,2121,2230,False
2804731,2007-12-19,DFW,LGA,AA,N3AGAA,766,1955,2017,2359,24,2034,20,False
2804732,2007-12-19,LGA,DTW,NW,N314US,527,1955,2028,2158,2228,2101,2217,False
2804733,2007-12-19,LGA,ORD,UA,N834UA,695,1955,2010,2139,2145,2041,2140,False
2804734,2007-12-19,LGA,ORD,AA,N472AA,363,2000,2053,2130,2234,2127,2229,False
2804735,2007-12-19,BNA,LGA,AA,N585AA,1684,2000,2031,2300,2335,2046,2328,False
2804736,2007-12-19,LGA,ATL,DL,N673DL,529,2000,2009,2236,2242,2045,2234,False
2804737,2007-12-19,FLL,LGA,DL,N984DL,1672,2000,1957,2257,2325,2020,2315,False
2804738,2007-12-19,BOS,LGA,US,N755US,2143,2000,1958,2122,2051,2005,2047,False
2804739,2007-12-19,CLT,LGA,US,N709UW,1624,2000,1958,2155,2203,2015,2158,False
2804740,2007-12-19,DCA,LGA,US,N767UW,2186,2000,2000,2118,2201,2049,2157,False
2804741,2007-12-19,LGA,BOS,US,N741UW,2142,2000,2035,2117,2137,2103,2132,False
2804742,2007-12-19,LGA,DCA,US,N740UW,2189,2000,1953,2122,2130,2029,2111,False
2804743,2007-12-19,LGA,SDF,MQ,N831AE,4830,2005,1952,2230,2248,2050,2244,False
2804744,2007-12-19,FLL,LGA,B6,N571JB,382,2010,2006,2258,2320,2029,2317,False
2804745,2007-12-19,LGA,IAH,CO,N16650,833,2010,2008,2323,2332,2040,2322,False
2804746,2007-12-19,TPA,LGA,AA,N527AA,1282,2015,2014,2250,2314,2023,2305,False
2804747,2007-12-19,LGA,CLE,MQ,N703MR,4891,2020,2036,2205,2245,2121,2242,False
2804748,2007-12-19,LGA,MIA,AA,N3AFAA,1709,2025,2042,2330,2356,2115,2346,False
2804749,2007-12-19,LGA,PBI,DL,N938DL,1841,2030,2027,2339,2337,2107,2330,False
2804750,2007-12-19,BOS,LGA,DL,N911DE,1935,2030,2025,2142,2200,2053,2154,False
2804751,2007-12-19,LGA,BOS,DL,N908DE,1936,2030,2038,2143,2220,2138,2209,False
2804752,2007-12-19,DCA,LGA,DL,N909DE,1968,2030,2028,2147,2213,2100,2207,False
2804753,2007-12-19,LGA,DCA,DL,N947DL,1969,2030,2115,2144,2227,2142,2222,False
2804754,2007-12-19,LGA,CVG,OH,N408CA,5166,2030,2200,2250,2356,2221,2355,False
2804755,2007-12-19,LGA,CHS,OH,N798CA,5394,2030,2030,2255,2240,2100,2230,False
2804756,2007-12-19,LGA,ATL,FL,N960AT,373,2035,2137,2305,2354,2201,2349,False
2804757,2007-12-19,MCO,LGA,AA,N551AA,1832,2040,2034,2310,2306,2045,2301,False
2804758,2007-12-19,LGA,DFW,AA,N3CSAA,791,2045,2146,2335,44,2209,36,False
2804759,2007-12-19,ATL,LGA,DL,N632DL,530,2045,2050,2303,2324,2114,2308,False
2804760,2007-12-19,LGA,DTW,MQ,N713AE,4832,2045,2057,2250,2304,2129,2251,False
2804761,2007-12-19,LGA,JAX,OH,N973CA,5678,2045,2103,2332,2348,2137,2345,False
2804762,2007-12-19,ORD,LGA,UA,N515UA,692,2045,2211,2346,105,2235,59,False
2804763,2007-12-19,IAH,LGA,CO,N39726,1752,2050,2105,58,110,2124,106,False
2804764,2007-12-19,LGA,CMH,MQ,N728AE,4879,2055,2140,2245,2329,2206,2326,False
2804765,2007-12-19,CVG,LGA,OH,N811CA,5371,2055,2115,2259,2312,2127,2306,False
2804766,2007-12-19,LGA,ATL,DL,N970DL,531,2100,2130,2332,2352,2159,2346,False
2804767,2007-12-19,LGA,HSV,OH,N523CA,5511,2100,2143,2249,2327,2214,2319,False
2804768,2007-12-19,DCA,LGA,US,N712US,2188,2100,2056,2211,2215,2104,2210,False
2804769,2007-12-19,LGA,BOS,US,N765US,2144,2100,2054,2213,2202,2125,2156,False
2804770,2007-12-19,LGA,DCA,US,N756US,2191,2100,2124,2218,2226,2148,2224,False
2804771,2007-12-19,LGA,PBI,B6,N652JB,369,2105,2211,2351,44,2230,41,False
2804772,2007-12-19,LGA,BOS,MQ,N707EB,4809,2105,2156,2210,2254,2217,2249,False
2804773,2007-12-19,LGA,ORD,AA,N489AA,397,2110,2141,2230,2317,2204,2309,False
2804774,2007-12-19,MIA,LGA,AA,N3AMAA,1226,2110,2134,2359,36,2203,33,False
2804775,2007-12-19,LGA,MSN,9E,89039E,2898,2115,2212,2255,2340,2230,2337,False
2804776,2007-12-19,LGA,SAV,OH,N868CA,5014,2115,2348,2341,202,13,155,False
2804777,2007-12-19,ATL,LGA,FL,N272AT,358,2120,2150,2331,2354,2208,2348,False
2804778,2007-12-19,LGA,CAE,EV,N977EV,4775,2125,2230,2328,47,2316,43,False
2804779,2007-12-19,DTW,LGA,NW,N512US,534,2127,2125,2305,2256,2146,2249,False
2804780,2007-12-19,ORD,LGA,AA,N5FGAA,336,2135,2306,30,152,2318,147,False
2804781,2007-12-19,LGA,DEN,F9,N907FR,513,2140,2154,2359,10,2214,2,False
2804782,2007-12-19,LGA,LEX,OH,N403CA,5357,2140,2340,2353,152,2355,146,False
2804783,2007-12-19,LGA,FLL,B6,N582JB,383,2145,2252,35,129,2304,126,False
2804784,2007-12-19,ATL,LGA,DL,N631DL,532,2145,2151,2359,7,2213,2353,False
2804785,2007-12-19,LGA,TYS,OH,N918CA,4948,2155,2203,14,8,2227,3,False
2804786,2007-12-19,CLT,LGA,US,N162UW,1546,2159,2214,2347,2341,2225,2336,False
