index,FlightDate,Origin,Dest,Reporting_Airline,Tail_Number,Flight_Number_Reporting_Airline,CRSDepTime,DepTime,CRSArrTime,ArrTime,WheelsOff,WheelsOn,Cancelled
3390901,2010-09-10,CMH,LGA,MQ,N717MQ,4563,540,539,715,709,547,657,False
3390902,2010-09-10,LGA,IAH,CO,N77296,633,545,543,823,813,555,805,False
3390903,2010-09-10,TYS,LGA,9E,89869E,3668,550,545,759,756,611,744,False
3390904,2010-09-10,ORD,LGA,AA,N486AA,398,600,556,910,846,608,841,False
3390905,2010-09-10,LGA,MIA,AA,N621AA,2203,600,647,900,926,705,923,False
3390906,2010-09-10,FLL,LGA,B6,N586JB,370,600,556,846,840,609,834,False
3390907,2010-09-10,LGA,FLL,B6,N615JB,371,600,552,850,834,610,830,False
3390908,2010-09-10,BOS,LGA,DL,N368NB,1371,600,600,708,707,620,702,False
3390909,2010-09-10,LGA,ATL,DL,N690DL,1447,600,556,833,844,622,801,False
3390910,2010-09-10,LGA,DTW,DL,N314NB,2931,600,553,753,750,616,740,False
3390911,2010-09-10,LGA,ATL,FL,N970AT,359,600,551,830,752,601,746,False
3390912,2010-09-10,BOS,LGA,MQ,N840MQ,4420,600,551,710,700,610,653,False
3390913,2010-09-10,LGA,RDU,MQ,N814MQ,4424,600,551,735,722,611,718,False
3390914,2010-09-10,CLT,LGA,MQ,N523MQ,4581,600,555,750,740,620,734,False
3390915,2010-09-10,RDU,LGA,MQ,N528MQ,4629,600,554,735,708,602,700,False
3390916,2010-09-10,LGA,ATL,MQ,N514MQ,4650,600,600,840,840,627,816,False
3390917,2010-09-10,DTW,LGA,MQ,N806MQ,4697,600,555,745,723,606,718,False
3390918,2010-09-10,ORF,LGA,OH,N669CA,6522,600,550,720,720,610,710,False
3390919,2010-09-10,ORD,LGA,UA,N838UA,668,600,557,910,849,612,847,False
3390920,2010-09-10,LGA,ORD,UA,N815UA,669,600,604,724,718,613,711,False
3390921,2010-09-10,BOS,LGA,US,N955UW,2115,600,553,706,657,608,652,False
3390922,2010-09-10,DCA,LGA,US,N768US,2158,600,553,659,646,605,641,False
3390923,2010-09-10,LGA,BOS,US,N765US,2114,600,549,703,650,609,645,False
3390924,2010-09-10,LGA,DCA,US,N766US,2161,600,552,701,644,603,642,False
3390925,2010-09-10,LGA,PHL,US,N946UW,1267,600,600,658,646,617,643,False
3390926,2010-09-10,LGA,ORD,AA,N454AA,301,605,552,730,705,606,659,False
3390927,2010-09-10,DFW,LGA,AA,N3DNAA,700,605,555,1030,1007,606,959,False
3390928,2010-09-10,LGA,DFW,AA,N463AA,705,605,556,855,812,607,807,False
3390929,2010-09-10,LGA,MDW,WN,N411WN,788,605,604,720,711,620,707,False
3390930,2010-09-10,MIA,LGA,AA,N5BYAA,1114,615,611,900,909,635,900,False
3390931,2010-09-10,CLT,LGA,US,N764US,1626,615,609,758,756,634,753,False
3390932,2010-09-10,LGA,MSP,DL,N903DA,2719,623,618,829,812,632,806,False
3390933,2010-09-10,ATL,LGA,MQ,N530MQ,4652,625,621,835,828,638,823,False
3390934,2010-09-10,LGA,CLT,US,N169UW,1843,629,624,828,803,639,759,False
3390935,2010-09-10,LGA,BOS,DL,N337NB,1370,630,629,729,727,645,721,False
3390936,2010-09-10,BOS,LGA,DL,N329NB,1373,630,634,742,733,651,726,False
3390937,2010-09-10,LGA,CLT,MQ,N9EAMQ,4576,630,628,820,823,650,817,False
3390938,2010-09-10,LGA,RDU,OH,N642CA,6768,630,620,818,745,634,740,False
3390939,2010-09-10,LGA,ORD,AA,N478AA,303,640,636,810,809,654,752,False
3390940,2010-09-10,STL,LGA,AA,N525AA,2028,640,632,1000,946,642,938,False
3390941,2010-09-10,ATL,LGA,DL,N608DA,1486,640,634,900,849,652,838,False
3390942,2010-09-10,CAK,LGA,FL,N948AT,199,640,634,806,745,641,741,False
3390943,2010-09-10,LGA,MKE,FL,N291AT,739,640,630,801,749,643,740,False
3390944,2010-09-10,CRW,LGA,MQ,N716MQ,4488,640,638,820,802,646,800,False
3390945,2010-09-10,LGA,MEM,DL,N962DL,2673,645,639,835,816,656,810,False
3390946,2010-09-10,LGA,BOS,MQ,N712MQ,4464,645,645,750,736,658,733,False
3390947,2010-09-10,LGA,IAH,CO,N35271,333,650,646,939,921,701,910,False
3390948,2010-09-10,GSP,LGA,9E,80419E,3932,655,651,830,854,707,843,False
3390949,2010-09-10,ORD,LGA,AA,N585AA,394,700,655,959,1004,715,952,False
3390950,2010-09-10,LGA,DFW,AA,N576AA,707,700,656,955,950,716,921,False
3390951,2010-09-10,FLL,LGA,DL,N990DL,1498,700,655,956,942,707,937,False
3390952,2010-09-10,LGA,ATL,DL,N6710E,1547,700,658,933,912,728,904,False
3390953,2010-09-10,MCO,LGA,DL,N361NW,2276,700,700,929,932,710,922,False
3390954,2010-09-10,MSY,LGA,DL,N363NB,2452,700,658,1059,1047,708,1040,False
3390955,2010-09-10,TPA,LGA,DL,N369NB,2952,700,653,940,931,713,927,False
3390956,2010-09-10,DEN,LGA,F9,N948FR,506,700,657,1249,1222,710,1218,False
3390957,2010-09-10,RDU,LGA,MQ,N724MQ,4427,700,655,840,814,705,811,False
3390958,2010-09-10,LGA,XNA,MQ,N734MQ,4534,700,651,920,852,710,849,False
3390959,2010-09-10,LGA,ORD,UA,N851UA,667,700,652,828,807,709,803,False
3390960,2010-09-10,BOS,LGA,US,N948UW,2117,700,657,818,803,712,759,False
3390961,2010-09-10,DCA,LGA,US,N740UW,2160,700,651,819,750,705,747,False
3390962,2010-09-10,LGA,BOS,US,N952UW,2116,700,659,803,804,720,800,False
3390963,2010-09-10,LGA,DCA,US,N713UW,2163,700,651,808,747,707,744,False
3390964,2010-09-10,IAD,LGA,YV,N511MJ,7291,700,650,811,800,710,755,False
3390965,2010-09-10,ORD,LGA,UA,N808UA,536,701,654,1011,946,710,944,False
3390966,2010-09-10,LGA,ORD,AA,N4XRAA,305,705,658,835,836,725,818,False
3390967,2010-09-10,MSP,LGA,DL,N358NW,1996,705,659,1059,1039,721,1027,False
3390968,2010-09-10,LGA,ATL,FL,N328AT,363,705,655,933,908,712,852,False
3390969,2010-09-10,OMA,LGA,OH,N378CA,6426,705,730,1058,1120,745,1110,False
3390970,2010-09-10,BNA,LGA,AA,N573AA,1088,710,705,1015,1009,718,1001,False
3390971,2010-09-10,LGA,FLL,DL,N909DE,1879,710,703,1012,955,729,949,False
3390972,2010-09-10,LGA,DTW,DL,N320NB,2831,710,704,906,902,730,854,False
3390973,2010-09-10,PWM,LGA,9E,85779E,4150,715,703,845,825,722,813,False
3390974,2010-09-10,DFW,LGA,AA,N4XDAA,704,720,716,1140,1136,730,1130,False
3390975,2010-09-10,CLE,LGA,MQ,N720MQ,4474,720,713,900,840,731,835,False
3390976,2010-09-10,BHM,LGA,OH,N369CA,6594,720,720,1055,1040,735,1034,False
3390977,2010-09-10,LGA,IAH,CO,N26215,733,725,720,1014,944,733,938,False
3390978,2010-09-10,DTW,LGA,DL,N341NB,1848,725,720,917,854,740,848,False
3390979,2010-09-10,LGA,MCO,DL,N948DL,2685,725,720,1006,947,739,942,False
3390980,2010-09-10,XNA,LGA,MQ,N738MQ,4512,725,718,1130,1133,731,1122,False
3390981,2010-09-10,RDU,LGA,OH,N641CA,6513,725,715,906,848,735,840,False
3390982,2010-09-10,LGA,BWI,WN,N729SW,2217,725,720,835,820,742,817,False
3390983,2010-09-10,LGA,MIA,AA,N3AJAA,983,730,725,1035,1007,744,1003,False
3390984,2010-09-10,LGA,BOS,DL,N368NB,1372,730,728,832,830,749,822,False
3390985,2010-09-10,BOS,LGA,DL,N360NB,1375,730,9999,843,9999,9999,9999,True
3390986,2010-09-10,JAX,LGA,DL,N347NB,2366,730,727,959,948,747,943,False
3390987,2010-09-10,LGA,ORD,UA,N837UA,459,730,724,858,857,736,832,False
3390988,2010-09-10,BOS,LGA,US,N953UW,2145,730,723,845,829,740,825,False
3390989,2010-09-10,ORF,LGA,9E,88399E,3799,735,723,905,836,734,828,False
3390990,2010-09-10,LGA,PBI,B6,N635JB,363,735,730,1024,1003,751,1000,False
3390991,2010-09-10,ATL,LGA,DL,N625DL,1586,740,736,955,1016,800,1011,False
3390992,2010-09-10,PBI,LGA,DL,N366NB,2458,740,734,1025,1023,744,1010,False
3390993,2010-09-10,LGA,PBI,DL,N916DL,2555,740,732,1039,1022,800,1015,False
3390994,2010-09-10,ATL,LGA,FL,N318AT,360,740,737,950,951,758,946,False
3390995,2010-09-10,PHF,LGA,FL,N899AT,642,748,742,901,854,756,850,False
3390996,2010-09-10,LGA,TPA,DL,N904DE,2753,750,747,1042,1027,809,1021,False
3390997,2010-09-10,MKE,LGA,FL,N945AT,351,750,745,1102,1045,756,1036,False
3390998,2010-09-10,LGA,RDU,MQ,N840MQ,4439,750,740,935,903,758,900,False
3390999,2010-09-10,LGA,MSY,DL,N334NB,1078,755,747,1011,942,808,939,False
3391000,2010-09-10,CVG,LGA,OH,N656CA,6378,755,825,959,1015,835,1003,False
3391001,2010-09-10,IAH,LGA,CO,N33264,332,759,756,1229,1219,810,1215,False
3391002,2010-09-10,LGA,BOS,MQ,N721MQ,4502,759,753,910,859,820,855,False
3391003,2010-09-10,LGA,DFW,AA,N249AA,709,800,756,1100,1027,812,1010,False
3391004,2010-09-10,MIA,LGA,AA,N622AA,1256,800,800,1055,1054,810,1046,False
3391005,2010-09-10,LGA,ATL,DL,N646DL,2047,800,756,1040,1017,827,1004,False
3391006,2010-09-10,LGA,PHF,FL,N925AT,282,800,751,924,901,805,853,False
3391007,2010-09-10,RDU,LGA,MQ,N838MQ,4410,800,755,940,913,808,910,False
3391008,2010-09-10,ORD,LGA,UA,N827UA,672,800,753,1110,1047,808,1044,False
3391009,2010-09-10,LGA,ORD,UA,N481UA,835,800,754,936,908,806,901,False
3391010,2010-09-10,BOS,LGA,US,N765US,2119,800,749,914,855,810,851,False
3391011,2010-09-10,CLT,LGA,US,N195UW,1050,800,755,947,936,814,929,False
3391012,2010-09-10,DCA,LGA,US,N757UW,2162,800,756,913,849,809,846,False
3391013,2010-09-10,LGA,BOS,US,N955UW,2118,800,755,904,903,814,857,False
3391014,2010-09-10,LGA,DCA,US,N768US,2165,800,753,910,906,814,904,False
3391015,2010-09-10,MDW,LGA,WN,N478WN,1048,800,803,1120,1058,816,1049,False
3391016,2010-09-10,LGA,IND,OH,N669CA,6619,805,755,1027,1015,824,1005,False
3391017,2010-09-10,LGA,MSP,DL,N965DL,2119,810,801,1010,1004,830,959,False
3391018,2010-09-10,IAD,LGA,EV,N667BR,7136,813,813,930,925,831,913,False
3391019,2010-09-10,LGA,DEN,UA,N571UA,361,813,810,1038,1027,837,1020,False
3391020,2010-09-10,LGA,ORD,AA,N518AA,309,815,815,950,939,838,933,False
3391021,2010-09-10,BOS,LGA,MQ,N712MQ,4495,815,812,930,922,833,916,False
3391022,2010-09-10,LGA,ATL,MQ,N523MQ,4665,815,814,1050,1029,845,1022,False
3391023,2010-09-10,LGA,CLT,US,N186US,1509,815,810,1016,1007,841,1006,False
3391024,2010-09-10,ORD,LGA,AA,N258AA,386,820,818,1130,1123,838,1110,False
3391025,2010-09-10,DFW,LGA,AA,N456AA,708,820,815,1240,1238,827,1228,False
3391026,2010-09-10,CLE,LGA,CO,N37287,1575,820,812,944,928,821,924,False
3391027,2010-09-10,DEN,LGA,UA,N559UA,358,822,819,1409,1338,832,1334,False
3391028,2010-09-10,MEM,LGA,DL,N371NB,2660,825,825,1215,1152,841,1146,False
3391029,2010-09-10,CMH,LGA,MQ,N808MQ,4535,825,817,1015,954,831,945,False
3391030,2010-09-10,LGA,BNA,MQ,N806MQ,4567,825,820,1000,944,842,937,False
3391031,2010-09-10,LGA,STL,AA,N4YSAA,1855,830,824,1015,951,835,949,False
3391032,2010-09-10,LGA,BOS,DL,N329NB,1374,830,828,943,942,857,935,False
3391033,2010-09-10,BOS,LGA,DL,N337NB,1377,830,828,943,940,854,936,False
3391034,2010-09-10,LGA,CLT,MQ,N528MQ,4582,830,821,1035,1023,852,1019,False
3391035,2010-09-10,ORD,LGA,UA,N806UA,234,830,823,1135,1123,843,1117,False
3391036,2010-09-10,LGA,JAX,OH,N653CA,6488,835,835,1115,1102,912,1055,False
3391037,2010-09-10,IND,LGA,FL,N920AT,890,836,830,1030,1024,839,1013,False
3391038,2010-09-10,RIC,LGA,9E,84929E,3921,840,914,1010,1043,938,1030,False
3391039,2010-09-10,ATL,LGA,DL,N623DL,1686,840,849,1110,1121,923,1109,False
3391040,2010-09-10,LGA,ORF,9E,89869E,3653,845,837,1015,1013,920,1009,False
3391041,2010-09-10,LGA,MIA,AA,N3CPAA,2239,845,841,1200,1134,915,1130,False
3391042,2010-09-10,LGA,DEN,F9,N202FR,505,845,839,1100,1109,917,1103,False
3391043,2010-09-10,LGA,CLE,MQ,N736MQ,4558,845,835,1035,1018,904,1015,False
3391044,2010-09-10,LGA,CLT,US,N764US,1615,845,837,1046,1043,913,1038,False
3391045,2010-09-10,BWI,LGA,WN,N441WN,218,845,843,1005,1012,924,1007,False
3391046,2010-09-10,LGA,ATL,FL,N948AT,326,846,834,1122,1052,903,1043,False
3391047,2010-09-10,DTW,LGA,DL,N336NB,1748,855,850,1047,1035,910,1023,False
3391048,2010-09-10,IAH,LGA,CO,N23721,232,858,858,1330,1321,909,1317,False
3391049,2010-09-10,LGA,ORD,AA,N563AA,313,900,854,1030,1024,928,1018,False
3391050,2010-09-10,ORD,LGA,AA,N491AA,382,900,855,1200,1153,912,1148,False
3391051,2010-09-10,LGA,DTW,DL,N992DL,159,900,853,1113,1116,939,1106,False
3391052,2010-09-10,FLL,LGA,DL,N390DA,1598,900,850,1150,1142,906,1136,False
3391053,2010-09-10,LGA,ATL,DL,N692DL,1747,900,848,1143,1117,932,1110,False
3391054,2010-09-10,LGA,RDU,MQ,N530MQ,4619,900,857,1045,1049,938,1045,False
3391055,2010-09-10,CLE,LGA,MQ,N518MQ,4664,900,854,1035,1027,911,1016,False
3391056,2010-09-10,LGA,ORD,UA,N477UA,661,900,851,1033,1020,925,1015,False
3391057,2010-09-10,BOS,LGA,US,N950UW,2121,900,855,1017,1028,936,1022,False
3391058,2010-09-10,DCA,LGA,US,N713UW,2164,900,854,1021,1020,928,1015,False
3391059,2010-09-10,LGA,BOS,US,N948UW,2120,900,857,1016,1013,935,1010,False
3391060,2010-09-10,LGA,DCA,US,N740UW,2167,900,854,1018,1010,929,1008,False
3391061,2010-09-10,LGA,IAD,YV,N511MJ,7291,903,900,1033,1032,934,1020,False
3391062,2010-09-10,DFW,LGA,AA,N582AA,710,905,900,1330,1306,913,1304,False
3391063,2010-09-10,CLT,LGA,MQ,N9EAMQ,4578,905,856,1100,1047,914,1033,False
3391064,2010-09-10,ORD,LGA,UA,N850UA,674,905,858,1215,1154,915,1150,False
3391065,2010-09-10,LGA,SAV,9E,80419E,3835,910,921,1155,1222,1031,1214,False
3391066,2010-09-10,LGA,DFW,AA,N453AA,713,910,902,1215,1126,923,1122,False
3391067,2010-09-10,ATL,LGA,MQ,N514MQ,4651,915,914,1130,1130,929,1118,False
3391068,2010-09-10,MCO,LGA,DL,N935DL,2176,920,918,1200,1147,929,1141,False
3391069,2010-09-10,LGA,CMH,MQ,N724MQ,4437,920,914,1120,1108,946,1105,False
3391070,2010-09-10,ORD,LGA,AA,N5DDAA,380,925,919,1229,1216,933,1204,False
3391071,2010-09-10,LGA,BOS,DL,N326US,1376,930,9999,1045,9999,9999,9999,True
3391072,2010-09-10,BOS,LGA,DL,N368NB,1379,930,926,1044,1119,1014,1100,False
3391073,2010-09-10,LGA,ORD,UA,N804UA,521,930,930,1103,1107,1014,1103,False
3391074,2010-09-10,LGA,FLL,B6,N586JB,375,931,926,1238,1212,956,1209,False
3391075,2010-09-10,LGA,ATL,MQ,N527MQ,4654,935,930,1215,1151,1012,1147,False
3391076,2010-09-10,LGA,PWM,9E,85779E,4085,940,940,1100,1124,1032,1121,False
3391077,2010-09-10,ATL,LGA,DL,N678DL,1786,940,943,1205,1202,1009,1154,False
3391078,2010-09-10,RDU,LGA,MQ,N735MQ,4422,940,934,1120,1115,955,1101,False
3391079,2010-09-10,MDW,LGA,WN,N787SA,2438,940,939,1250,1224,948,1220,False
3391080,2010-09-10,LGA,IND,FL,N899AT,891,941,933,1154,1157,1017,1154,False
3391081,2010-09-10,LGA,DTW,MQ,N720MQ,4499,945,945,1155,1210,1025,1205,False
3391082,2010-09-10,FLL,LGA,B6,N615JB,372,947,949,1230,1235,1001,1231,False
3391083,2010-09-10,LGA,TYS,9E,88399E,3916,950,950,1212,1229,1053,1223,False
3391084,2010-09-10,DFW,LGA,AA,N463AA,712,950,945,1415,1400,956,1356,False
3391085,2010-09-10,RDU,LGA,OH,N642CA,6773,950,945,1129,1115,955,1100,False
3391086,2010-09-10,CLT,LGA,US,N185UW,1910,955,955,1152,1149,1025,1144,False
3391087,2010-09-10,LGA,ORD,AA,N486AA,319,959,953,1139,1131,1035,1123,False
3391088,2010-09-10,LGA,DFW,AA,N535AA,721,959,949,1304,1242,1034,1232,False
3391089,2010-09-10,MKE,LGA,FL,N291AT,507,959,955,1303,1248,1008,1243,False
3391090,2010-09-10,LGA,ATL,DL,N608DA,1847,1000,953,1240,1241,1050,1232,False
3391091,2010-09-10,DTW,LGA,DL,N372NW,2048,1000,1008,1145,1138,1017,1128,False
3391092,2010-09-10,MSP,LGA,DL,N904DA,2096,1000,954,1346,1325,1015,1318,False
3391093,2010-09-10,LGA,RSW,DL,N341NB,2209,1000,956,1324,1339,1105,1332,False
3391094,2010-09-10,LGA,RDU,OH,N641CA,6490,1000,955,1207,1213,1058,1210,False
3391095,2010-09-10,LGA,ORD,UA,N838UA,673,1000,956,1133,1143,1052,1139,False
3391096,2010-09-10,ORD,LGA,UA,N437UA,676,1000,957,1310,1252,1014,1249,False
3391097,2010-09-10,BOS,LGA,US,N958UW,2123,1000,953,1116,1114,1025,1108,False
3391098,2010-09-10,DCA,LGA,US,N768US,2166,1000,956,1117,1130,1042,1126,False
3391099,2010-09-10,LGA,BOS,US,N953UW,2122,1000,953,1114,1124,1041,1120,False
3391100,2010-09-10,LGA,DCA,US,N757UW,2169,1000,952,1117,1118,1039,1116,False
3391101,2010-09-10,LGA,IAD,EV,N667BR,7136,1002,1000,1133,1210,1119,1203,False
3391102,2010-09-10,MIA,LGA,AA,N621AA,1124,1005,1030,1255,1317,1044,1313,False
3391103,2010-09-10,LGA,MSP,DL,N361NW,2319,1010,1008,1218,1241,1109,1236,False
3391104,2010-09-10,LGA,BOS,MQ,N712MQ,4504,1010,1007,1125,1134,1055,1130,False
3391105,2010-09-10,LGA,CLT,US,N765US,1177,1010,1005,1216,1231,1056,1224,False
3391106,2010-09-10,LGA,MIA,AA,N5BYAA,931,1015,1010,1330,1337,1102,1331,False
3391107,2010-09-10,LGA,DEN,UA,N451UA,405,1015,1011,1239,1245,1100,1241,False
3391108,2010-09-10,ATL,LGA,FL,N285AT,368,1020,1017,1236,1231,1035,1224,False
3391109,2010-09-10,LGA,RDU,MQ,N817MQ,4433,1020,1008,1210,1219,1107,1215,False
3391110,2010-09-10,LGA,MCO,DL,N369NB,1785,1025,1019,1310,1330,1123,1322,False
3391111,2010-09-10,LGA,BOS,DL,N337NB,1378,1029,1028,1144,1203,1118,1159,False
3391112,2010-09-10,LGA,IAH,CO,N37287,1033,1030,1024,1318,1336,1113,1325,False
3391113,2010-09-10,BOS,LGA,DL,N329NB,1381,1030,1027,1139,1140,1051,1135,False
3391114,2010-09-10,LGA,MKE,FL,N318AT,735,1030,1024,1151,1215,1116,1211,False
3391115,2010-09-10,XNA,LGA,MQ,N734MQ,4573,1030,1020,1440,1413,1027,1409,False
3391116,2010-09-10,LGA,MDW,WN,N441WN,537,1035,1039,1205,1231,1137,1228,False
3391117,2010-09-10,ATL,LGA,DL,N674DL,1886,1040,1042,1258,1252,1057,1241,False
3391118,2010-09-10,LGA,CVG,OH,N656CA,6286,1040,1040,1259,1306,1140,1258,False
3391119,2010-09-10,ORF,LGA,9E,89869E,3920,1045,1039,1215,1201,1056,1152,False
3391120,2010-09-10,ORD,LGA,AA,N518AA,378,1045,1043,1355,1334,1055,1331,False
3391121,2010-09-10,LGA,DTW,DL,N347NB,2631,1045,1039,1251,1314,1145,1306,False
3391122,2010-09-10,LGA,FLL,DL,N990DL,2879,1045,1038,1350,1353,1136,1349,False
3391123,2010-09-10,DEN,LGA,F9,N201FR,510,1045,1045,1629,1607,1055,1559,False
3391124,2010-09-10,BNA,LGA,MQ,N806MQ,4395,1045,1040,1355,1356,1055,1352,False
3391125,2010-09-10,LGA,DFW,AA,N4UBAA,725,1050,1043,1350,1336,1128,1332,False
3391126,2010-09-10,CVG,LGA,OH,N374CA,6384,1050,1102,1249,1249,1116,1237,False
3391127,2010-09-10,DFW,LGA,AA,N291AA,720,1055,1055,1520,1517,1109,1509,False
3391128,2010-09-10,IAH,LGA,CO,N13750,432,1055,1055,1525,1529,1112,1522,False
3391129,2010-09-10,LGA,ATL,DL,N625DL,1647,1059,1053,1335,1331,1148,1326,False
3391130,2010-09-10,LGA,ORD,AA,N585AA,321,1100,1055,1230,1257,1143,1238,False
3391131,2010-09-10,FLL,LGA,DL,N909DE,1698,1100,1056,1358,1351,1115,1343,False
3391132,2010-09-10,LGA,BNA,MQ,N808MQ,4484,1100,1056,1235,1245,1143,1241,False
3391133,2010-09-10,IND,LGA,OH,N669CA,6517,1100,1050,1310,1240,1109,1230,False
3391134,2010-09-10,LGA,ORD,UA,N808UA,169,1100,1056,1230,1235,1141,1233,False
3391135,2010-09-10,BOS,LGA,US,N948UW,2125,1100,1054,1210,1202,1112,1158,False
3391136,2010-09-10,DCA,LGA,US,N740UW,2168,1100,1055,1208,1200,1111,1157,False
3391137,2010-09-10,LGA,BOS,US,N950UW,2124,1100,1100,1208,1235,1152,1231,False
3391138,2010-09-10,LGA,DCA,US,N713UW,2171,1100,1048,1216,1226,1142,1223,False
3391139,2010-09-10,ORD,LGA,UA,N811UA,678,1103,1057,1417,1352,1112,1350,False
3391140,2010-09-10,CLE,LGA,MQ,N736MQ,4572,1105,1059,1240,1221,1111,1213,False
3391141,2010-09-10,CLT,LGA,MQ,N528MQ,4583,1105,1100,1300,1231,1111,1226,False
3391142,2010-09-10,DEN,LGA,UA,N542UA,310,1109,1111,1656,1625,1126,1622,False
3391143,2010-09-10,LGA,STL,AA,N573AA,1757,1110,1106,1255,1304,1150,1301,False
3391144,2010-09-10,LGA,MEM,DL,N366NB,1573,1110,1058,1305,1327,1208,1321,False
3391145,2010-09-10,LGA,ATL,FL,N920AT,361,1110,1102,1342,1346,1151,1339,False
3391146,2010-09-10,STL,LGA,AA,N421AA,1152,1115,1120,1440,1432,1131,1425,False
3391147,2010-09-10,MSP,LGA,DL,N933DL,1796,1115,1115,1505,1446,1134,1438,False
3391148,2010-09-10,MCO,LGA,DL,N948DL,2076,1115,1107,1349,1334,1116,1327,False
3391149,2010-09-10,PBI,LGA,B6,N635JB,364,1118,1111,1400,1352,1124,1348,False
3391150,2010-09-10,LGA,CMH,MQ,N728MQ,4559,1120,1114,1320,1331,1212,1327,False
3391151,2010-09-10,PBI,LGA,DL,N916DL,2395,1125,1116,1420,1413,1129,1354,False
3391152,2010-09-10,LGA,CLT,US,N195UW,1051,1125,1120,1325,1339,1213,1336,False
3391153,2010-09-10,LGA,DFW,AA,N3DNAA,739,1130,1125,1425,1425,1214,1414,False
3391154,2010-09-10,LGA,BOS,DL,N368NB,1380,1130,1147,1238,1313,1227,1307,False
3391155,2010-09-10,BOS,LGA,DL,N326US,1383,1130,9999,1243,9999,9999,9999,True
3391156,2010-09-10,LGA,TPA,DL,N336NB,2653,1130,1121,1425,1443,1225,1436,False
3391157,2010-09-10,ATL,LGA,MQ,N523MQ,4668,1130,1118,1350,1328,1138,1321,False
3391158,2010-09-10,IAH,LGA,CO,N36207,1832,1135,1131,1604,1557,1147,1552,False
3391159,2010-09-10,CLT,LGA,US,N192UW,938,1135,1140,1328,1347,1221,1338,False
3391160,2010-09-10,ATL,LGA,DL,N646DL,1986,1140,1142,1358,1356,1200,1347,False
3391161,2010-09-10,RDU,LGA,MQ,N530MQ,4647,1140,1134,1320,1249,1144,1245,False
3391162,2010-09-10,LGA,BHM,OH,N369CA,6543,1140,1130,1342,1340,1230,1330,False
3391163,2010-09-10,MSY,LGA,DL,N334NB,2183,1145,1137,1550,1533,1154,1527,False
3391164,2010-09-10,LGA,MSP,DL,N363NB,2219,1145,1144,1345,1416,1239,1413,False
3391165,2010-09-10,CMH,LGA,MQ,N724MQ,4526,1145,1141,1335,1319,1156,1307,False
3391166,2010-09-10,LGA,ORF,OH,N378CA,6330,1150,1140,1314,1330,1235,1325,False
3391167,2010-09-10,DFW,LGA,AA,N249AA,728,1155,1153,1620,1558,1203,1554,False
3391168,2010-09-10,LGA,BWI,WN,N478WN,207,1155,1153,1310,1324,1242,1321,False
3391169,2010-09-10,PWM,LGA,9E,85779E,4085,1200,1155,1329,1312,1206,1301,False
3391170,2010-09-10,LGA,MIA,AA,N622AA,1990,1200,1155,1510,1518,1247,1513,False
3391171,2010-09-10,LGA,ATL,DL,N623DL,1947,1200,1204,1438,1437,1253,1429,False
3391172,2010-09-10,DTW,LGA,DL,N910DL,1948,1200,1156,1359,1322,1209,1315,False
3391173,2010-09-10,LGA,PBI,DL,N358NW,2551,1200,1154,1500,1517,1257,1514,False
3391174,2010-09-10,LGA,CAK,FL,N945AT,212,1200,1146,1331,1344,1236,1340,False
3391175,2010-09-10,LGA,RDU,MQ,N9EAMQ,4595,1200,1154,1345,1345,1241,1341,False
3391176,2010-09-10,LGA,ORD,UA,N827UA,679,1200,1155,1330,1327,1231,1323,False
3391177,2010-09-10,BOS,LGA,US,N953UW,2127,1200,1200,1312,1306,1214,1257,False
3391178,2010-09-10,DCA,LGA,US,N715UW,2170,1200,1156,1313,1254,1209,1250,False
3391179,2010-09-10,LGA,BOS,US,N958UW,2126,1200,1153,1306,1319,1237,1315,False
3391180,2010-09-10,LGA,DCA,US,N768US,2173,1200,1154,1311,1322,1240,1320,False
3391181,2010-09-10,ORD,LGA,UA,N804UA,680,1205,1200,1519,1457,1216,1449,False
3391182,2010-09-10,ORD,LGA,AA,N509AA,374,1210,1205,1515,1458,1220,1454,False
3391183,2010-09-10,BOS,LGA,MQ,N818MQ,4505,1210,1208,1325,1313,1224,1309,False
3391184,2010-09-10,TYS,LGA,9E,89429E,3769,1215,1210,1425,1412,1224,1359,False
3391185,2010-09-10,LGA,MSN,OH,N642CA,6765,1215,1225,1350,1417,1315,1413,False
3391186,2010-09-10,DTW,LGA,MQ,N720MQ,4554,1220,1240,1415,1429,1300,1403,False
3391187,2010-09-10,LGA,ORD,AA,N258AA,329,1225,1218,1355,1359,1300,1352,False
3391188,2010-09-10,LGA,DTW,DL,N372NW,19,1225,1220,1419,1447,1305,1433,False
3391189,2010-09-10,LGA,BOS,DL,N326US,1382,1230,9999,1336,9999,9999,9999,True
3391190,2010-09-10,BOS,LGA,DL,N337NB,1385,1230,1227,1337,1330,1245,1325,False
3391191,2010-09-10,LGA,DTW,MQ,N735MQ,4412,1230,1228,1435,1447,1308,1441,False
3391192,2010-09-10,LGA,ATL,MQ,N514MQ,4658,1230,1225,1510,1454,1301,1445,False
3391193,2010-09-10,LGA,ORD,UA,N806UA,559,1230,1225,1400,1345,1256,1343,False
3391194,2010-09-10,JAX,LGA,OH,N653CA,6478,1232,1222,1459,1435,1235,1427,False
3391195,2010-09-10,ORD,LGA,AA,N498AA,370,1235,1237,1540,1527,1246,1521,False
3391196,2010-09-10,LGA,DFW,AA,N4XDAA,743,1235,1237,1525,1542,1310,1509,False
3391197,2010-09-10,LGA,MCO,DL,N390DA,1685,1235,1226,1521,1513,1307,1507,False
3391198,2010-09-10,SAV,LGA,9E,80019E,4046,1240,1242,1450,1457,1302,1445,False
3391199,2010-09-10,MIA,LGA,AA,N3BLAA,2036,1240,1243,1530,1554,1316,1550,False
3391200,2010-09-10,ATL,LGA,DL,N692DL,2086,1240,1239,1500,1450,1257,1442,False
3391201,2010-09-10,RDU,LGA,OH,N641CA,6521,1240,1240,1414,1415,1300,1410,False
3391202,2010-09-10,FLL,LGA,B6,N588JB,376,1243,1330,1530,1621,1353,1618,False
3391203,2010-09-10,LGA,FLL,DL,N935DL,2079,1245,1235,1602,1536,1315,1532,False
3391204,2010-09-10,ATL,LGA,MQ,N527MQ,4657,1245,1241,1500,1511,1302,1447,False
3391205,2010-09-10,LGA,LWB,9E,89869E,4295,1255,1229,1445,1435,1322,1429,False
3391206,2010-09-10,LGA,ORD,AA,N491AA,327,1255,1250,1420,1427,1318,1421,False
3391207,2010-09-10,LGA,MSY,DL,N371NB,2535,1259,1251,1520,1502,1326,1459,False
3391208,2010-09-10,TPA,LGA,DL,N924DL,2752,1259,1258,1545,1544,1317,1537,False
3391209,2010-09-10,MSP,LGA,DL,N929DL,1496,1300,1255,1649,1623,1312,1617,False
3391210,2010-09-10,LGA,ATL,DL,N678DL,2147,1300,1254,1536,1524,1329,1510,False
3391211,2010-09-10,LGA,ORD,UA,N850UA,681,1300,1256,1430,1431,1323,1422,False
3391212,2010-09-10,BOS,LGA,US,N950UW,2129,1300,1256,1418,1415,1325,1411,False
3391213,2010-09-10,DCA,LGA,US,N713UW,2172,1300,1254,1425,1419,1331,1412,False
3391214,2010-09-10,LGA,BOS,US,N948UW,2128,1300,1255,1403,1403,1319,1400,False
3391215,2010-09-10,LGA,DCA,US,N740UW,2175,1300,1250,1405,1404,1319,1359,False
3391216,2010-09-10,BNA,LGA,MQ,N808MQ,4378,1305,1307,1615,1618,1324,1614,False
3391217,2010-09-10,LGA,CMH,MQ,N717MQ,4548,1305,1258,1455,1454,1333,1451,False
3391218,2010-09-10,LGA,CLT,US,N185UW,1437,1305,1259,1501,1503,1330,1455,False
3391219,2010-09-10,ORD,LGA,UA,N851UA,682,1306,1423,1613,1708,1433,1705,False
3391220,2010-09-10,DFW,LGA,AA,N453AA,732,1310,1307,1740,1724,1318,1718,False
3391221,2010-09-10,ATL,LGA,FL,N915AT,366,1315,1310,1518,1519,1323,1512,False
3391222,2010-09-10,MKE,LGA,FL,N940AT,512,1315,1314,1619,1612,1328,1606,False
3391223,2010-09-10,DEN,LGA,UA,N446UA,776,1315,1338,1857,1914,1350,1903,False
3391224,2010-09-10,LGA,ATL,FL,N285AT,334,1316,1305,1547,1527,1337,1520,False
3391225,2010-09-10,LGA,FLL,B6,N615JB,377,1319,1327,1614,1627,1403,1621,False
3391226,2010-09-10,IAH,LGA,CO,N76516,532,1323,1325,1759,1801,1343,1755,False
3391227,2010-09-10,LGA,BOS,MQ,N716MQ,4511,1325,1319,1435,1421,1341,1418,False
3391228,2010-09-10,LGA,MDW,WN,N787SA,2525,1325,1323,1455,1455,1359,1448,False
3391229,2010-09-10,LGA,IAH,CO,N33264,433,1329,1321,1622,1559,1348,1548,False
3391230,2010-09-10,LGA,DEN,F9,N948FR,509,1329,1321,1552,1554,1351,1545,False
3391231,2010-09-10,ORD,LGA,AA,N457AA,366,1330,1325,1645,1627,1348,1620,False
3391232,2010-09-10,DFW,LGA,AA,N4WTAA,730,1330,1325,1800,1733,1335,1728,False
3391233,2010-09-10,LGA,BOS,DL,N329NB,1384,1330,1328,1437,1444,1400,1437,False
3391234,2010-09-10,BOS,LGA,DL,N368NB,1387,1330,1337,1435,1436,1352,1430,False
3391235,2010-09-10,LGA,CVG,OH,N374CA,6385,1330,1330,1538,1545,1414,1535,False
3391236,2010-09-10,LGA,ORD,AA,N5DDAA,333,1335,1331,1510,1528,1408,1522,False
3391237,2010-09-10,LGA,DFW,AA,N456AA,745,1335,1331,1630,1627,1410,1619,False
3391238,2010-09-10,ATL,LGA,DL,N672DL,2186,1340,1336,1600,1556,1401,1547,False
3391239,2010-09-10,LGA,RDU,MQ,N528MQ,4593,1340,1335,1520,1511,1405,1508,False
3391240,2010-09-10,DTW,LGA,DL,N329NW,18,1345,1345,1538,1512,1355,1506,False
3391241,2010-09-10,LGA,MKE,FL,N291AT,508,1345,1339,1506,1509,1412,1505,False
3391242,2010-09-10,CMH,LGA,MQ,N728MQ,4540,1345,1400,1535,1528,1411,1524,False
3391243,2010-09-10,STL,LGA,AA,N573AA,1104,1355,1351,1715,1700,1401,1656,False
3391244,2010-09-10,LGA,JAX,OH,N669CA,6515,1355,1351,1632,1634,1429,1620,False
3391245,2010-09-10,LGA,ATL,DL,N674DL,2247,1400,1356,1640,1613,1424,1606,False
3391246,2010-09-10,RSW,LGA,DL,N341NB,2548,1400,1403,1645,1650,1416,1642,False
3391247,2010-09-10,LGA,ATL,MQ,N530MQ,4669,1400,1412,1635,1643,1448,1630,False
3391248,2010-09-10,ORF,LGA,OH,N378CA,6332,1400,1352,1515,1522,1414,1515,False
3391249,2010-09-10,LGA,ORD,UA,N437UA,683,1400,1355,1530,1521,1422,1517,False
3391250,2010-09-10,BOS,LGA,US,N958UW,2131,1400,1355,1514,1500,1410,1452,False
3391251,2010-09-10,DCA,LGA,US,N768US,2174,1400,1358,1521,1509,1422,1504,False
3391252,2010-09-10,LGA,BOS,US,N953UW,2130,1400,1353,1506,1506,1420,1501,False
3391253,2010-09-10,LGA,DCA,US,N715UW,2177,1400,1347,1510,1456,1417,1454,False
3391254,2010-09-10,MIA,LGA,AA,N5CVAA,816,1405,1437,1655,1739,1457,1733,False
3391255,2010-09-10,ORD,LGA,UA,N840UA,684,1405,1402,1719,1654,1418,1649,False
3391256,2010-09-10,LGA,MIA,AA,N621AA,1621,1410,1412,1715,1707,1435,1657,False
3391257,2010-09-10,CAK,LGA,FL,N945AT,209,1411,1417,1536,1538,1428,1527,False
3391258,2010-09-10,LGA,ORF,9E,85779E,3866,1415,1404,1540,1529,1437,1525,False
3391259,2010-09-10,RDU,LGA,MQ,N9EAMQ,4597,1415,1413,1550,1543,1426,1533,False
3391260,2010-09-10,BHM,LGA,OH,N369CA,6543,1420,1420,1752,1745,1436,1738,False
3391261,2010-09-10,MSN,LGA,OH,N642CA,6766,1420,1430,1745,1748,1500,1743,False
3391262,2010-09-10,MEM,LGA,DL,N352NB,2736,1424,1417,1815,1807,1437,1759,False
3391263,2010-09-10,LGA,DFW,AA,N582AA,753,1425,1417,1720,1655,1443,1649,False
3391264,2010-09-10,LGA,DTW,MQ,N818MQ,4485,1425,1418,1630,1620,1438,1612,False
3391265,2010-09-10,CLT,LGA,US,N195UW,1182,1426,1439,1619,1614,1455,1610,False
3391266,2010-09-10,LGA,MSP,DL,N904DA,2419,1428,1436,1630,1640,1459,1632,False
3391267,2010-09-10,LGA,IAH,CO,N23721,133,1430,1427,1729,1656,1446,1646,False
3391268,2010-09-10,LGA,BOS,DL,N337NB,1386,1430,1428,1542,1538,1450,1529,False
3391269,2010-09-10,BOS,LGA,DL,N360NB,1389,1430,1436,1537,1549,1453,1534,False
3391270,2010-09-10,LGA,DTW,DL,N948DL,2531,1430,1421,1630,1639,1444,1628,False
3391271,2010-09-10,LGA,CLT,MQ,N523MQ,4585,1430,1423,1635,1615,1452,1610,False
3391272,2010-09-10,MDW,LGA,WN,N389SW,2796,1435,1436,1750,1737,1455,1730,False
3391273,2010-09-10,ATL,LGA,DL,N640DL,2286,1440,1440,1652,1702,1505,1651,False
3391274,2010-09-10,ORD,LGA,AA,N523AA,360,1445,1446,1755,1741,1456,1735,False
3391275,2010-09-10,LGA,MCO,B6,N635JB,393,1445,1441,1733,1712,1502,1704,False
3391276,2010-09-10,MCO,LGA,DL,N369NB,1876,1445,1448,1721,1718,1458,1711,False
3391277,2010-09-10,LGA,TPA,DL,N909DE,2453,1445,1440,1742,1720,1507,1715,False
3391278,2010-09-10,LGA,CLE,MQ,N739MQ,4689,1445,1459,1630,1636,1523,1632,False
3391279,2010-09-10,LGA,CLT,US,N192UW,937,1445,1442,1646,1642,1504,1622,False
3391280,2010-09-10,BWI,LGA,WN,N945WN,2966,1445,1444,1555,1540,1458,1536,False
3391281,2010-09-10,LGA,ORD,AA,N518AA,335,1450,1448,1625,1611,1509,1608,False
3391282,2010-09-10,LGA,XNA,MQ,N838MQ,4525,1450,1447,1720,1655,1510,1651,False
3391283,2010-09-10,ATL,LGA,FL,N925AT,337,1452,1452,1701,1711,1517,1707,False
3391284,2010-09-10,DFW,LGA,AA,N468AA,736,1455,1452,1930,1914,1502,1902,False
3391285,2010-09-10,MCO,LGA,B6,N547JB,392,1455,1532,1733,1805,1544,1756,False
3391286,2010-09-10,MKE,LGA,FL,N278AT,509,1455,1450,1803,1753,1457,1739,False
3391287,2010-09-10,LGA,DEN,UA,N559UA,745,1459,1505,1724,1728,1531,1723,False
3391288,2010-09-10,LGA,ATL,DL,N646DL,413,1500,1501,1743,1724,1528,1708,False
3391289,2010-09-10,FLL,LGA,DL,N364NW,1798,1500,1452,1754,1746,1511,1741,False
3391290,2010-09-10,LGA,FLL,DL,N910DL,2279,1500,1450,1816,1745,1517,1741,False
3391291,2010-09-10,BOS,LGA,MQ,N834MQ,4428,1500,1452,1615,1603,1515,1557,False
3391292,2010-09-10,DTW,LGA,MQ,N735MQ,4434,1500,1506,1649,1639,1526,1634,False
3391293,2010-09-10,LGA,IND,OH,N641CA,6745,1500,1455,1727,1725,1500,1720,False
3391294,2010-09-10,LGA,ORD,UA,N811UA,685,1500,1458,1630,1625,1519,1617,False
3391295,2010-09-10,BOS,LGA,US,N948UW,2133,1500,1454,1614,1603,1518,1558,False
3391296,2010-09-10,DCA,LGA,US,N740UW,2176,1500,1454,1619,1559,1516,1556,False
3391297,2010-09-10,LGA,BOS,US,N950UW,2132,1500,1453,1613,1557,1515,1555,False
3391298,2010-09-10,LGA,DCA,US,N713UW,2179,1500,1452,1617,1607,1514,1603,False
3391299,2010-09-10,LGA,PBI,DL,N916DL,487,1505,1501,1810,1747,1534,1744,False
3391300,2010-09-10,CVG,LGA,DL,N351NW,2014,1505,1503,1659,1643,1512,1638,False
3391301,2010-09-10,LGA,CMH,MQ,N724MQ,4571,1505,1500,1700,1650,1526,1648,False
3391302,2010-09-10,ORD,LGA,UA,N850UA,686,1505,1501,1819,1755,1515,1752,False
3391303,2010-09-10,LGA,PWM,9E,89429E,4091,1510,1507,1638,1635,1543,1631,False
3391304,2010-09-10,LGA,DFW,AA,N463AA,759,1510,1510,1815,1756,1537,1746,False
3391305,2010-09-10,DEN,LGA,F9,N206FR,516,1510,1508,2058,2047,1522,2028,False
3391306,2010-09-10,DTW,LGA,DL,N326NB,2248,1515,1516,1712,1645,1529,1640,False
3391307,2010-09-10,LWB,LGA,9E,89869E,4292,1520,1457,1710,1633,1519,1625,False
3391308,2010-09-10,TPA,LGA,DL,N336NB,2652,1522,1512,1759,1801,1526,1751,False
3391309,2010-09-10,ORD,LGA,AA,N491AA,358,1530,1528,1845,1817,1545,1813,False
3391310,2010-09-10,DFW,LGA,AA,N3DNAA,738,1530,1531,2005,1942,1542,1936,False
3391311,2010-09-10,LGA,BOS,DL,N368NB,1388,1530,1529,1641,1639,1553,1633,False
3391312,2010-09-10,BOS,LGA,DL,N329NB,1391,1530,1529,1639,1632,1548,1626,False
3391313,2010-09-10,CMH,LGA,MQ,N717MQ,4557,1530,1523,1719,1700,1540,1653,False
3391314,2010-09-10,LGA,LEX,9E,80019E,3746,1535,1532,1800,1739,1604,1732,False
3391315,2010-09-10,LGA,BNA,AA,N421AA,1877,1535,1532,1705,1656,1559,1651,False
3391316,2010-09-10,MSP,LGA,DL,N346NB,2196,1535,1535,1919,1911,1552,1859,False
3391317,2010-09-10,ATL,LGA,DL,N623DL,2486,1540,1543,1757,1756,1558,1744,False
3391318,2010-09-10,PBI,LGA,DL,N358NW,2534,1540,1611,1827,1854,1624,1849,False
3391319,2010-09-10,IND,LGA,FL,N935AT,896,1540,1531,1735,1714,1540,1710,False
3391320,2010-09-10,LGA,RDU,MQ,N518MQ,4607,1540,1546,1725,1721,1611,1717,False
3391321,2010-09-10,ATL,LGA,MQ,N514MQ,4659,1540,1551,1755,1807,1608,1757,False
3391322,2010-09-10,CLE,LGA,CO,N36247,1450,1545,1542,1717,1708,1558,1704,False
3391323,2010-09-10,LGA,RDU,OH,N653CA,6499,1545,1545,1747,1732,1618,1726,False
3391324,2010-09-10,LGA,MCO,DL,N933DL,1585,1550,1545,1845,1817,1609,1810,False
3391325,2010-09-10,MIA,LGA,AA,N5EKAA,866,1555,1721,1855,2020,1747,2013,False
3391326,2010-09-10,RDU,LGA,MQ,N528MQ,4594,1555,1548,1730,1716,1607,1712,False
3391327,2010-09-10,LGA,MKE,FL,N915AT,510,1558,1551,1727,1708,1610,1701,False
3391328,2010-09-10,LGA,CMH,OH,N378CA,6305,1559,1555,1804,1748,1626,1740,False
3391329,2010-09-10,LGA,ATL,DL,N692DL,2447,1600,1557,1845,1814,1627,1807,False
3391330,2010-09-10,LGA,ORD,UA,N804UA,687,1600,1557,1734,1730,1613,1718,False
3391331,2010-09-10,BOS,LGA,US,N953UW,2135,1600,1555,1713,1707,1618,1703,False
3391332,2010-09-10,DCA,LGA,US,N715UW,2178,1600,1555,1713,1724,1638,1720,False
3391333,2010-09-10,LGA,BOS,US,N958UW,2134,1600,1554,1714,1706,1619,1703,False
3391334,2010-09-10,LGA,DCA,US,N768US,2181,1600,1552,1715,1703,1621,1659,False
3391335,2010-09-10,MKE,LGA,F9,N928FR,976,1605,1600,1919,1902,1612,1856,False
3391336,2010-09-10,ORD,LGA,UA,N814UA,688,1605,1604,1919,1854,1616,1850,False
3391337,2010-09-10,LGA,ORD,AA,N509AA,341,1610,1602,1750,1739,1632,1734,False
3391338,2010-09-10,IAH,LGA,CO,N12216,632,1610,1615,2045,2030,1626,2025,False
3391339,2010-09-10,LGA,CLE,CO,N13750,1057,1610,1607,1749,1748,1637,1743,False
3391340,2010-09-10,CLT,LGA,US,N540UW,1490,1611,1625,1802,1812,1651,1806,False
3391341,2010-09-10,LGA,STL,AA,N291AA,2223,1615,1615,1755,1755,1645,1752,False
3391342,2010-09-10,LGA,BOS,MQ,N734MQ,4695,1615,1612,1730,1718,1639,1713,False
3391343,2010-09-10,LGA,ATL,FL,N945AT,367,1616,1607,1858,1822,1634,1815,False
3391344,2010-09-10,LGA,MSP,DL,N329NW,2619,1618,1609,1825,1836,1642,1831,False
3391345,2010-09-10,LGA,PBI,B6,N588JB,365,1619,1659,1914,1955,1739,1951,False
3391346,2010-09-10,BOS,LGA,MQ,N733MQ,4523,1620,1613,1735,1731,1644,1727,False
3391347,2010-09-10,DEN,LGA,UA,N501UA,406,1620,1619,2159,2134,1629,2130,False
3391348,2010-09-10,DFW,LGA,AA,N461AA,742,1625,1624,2100,2041,1633,2034,False
3391349,2010-09-10,LGA,CLT,MQ,N527MQ,4579,1625,1618,1830,1820,1649,1805,False
3391350,2010-09-10,LGA,BWI,WN,N945WN,3053,1625,1623,1750,1736,1657,1732,False
3391351,2010-09-10,LGA,BOS,DL,N360NB,1390,1630,1628,1743,1739,1655,1733,False
3391352,2010-09-10,BOS,LGA,DL,N337NB,1393,1630,1630,1740,1807,1720,1803,False
3391353,2010-09-10,LGA,DTW,DL,N924DL,2231,1630,1624,1829,1836,1702,1827,False
3391354,2010-09-10,LGA,ATL,MQ,N9EAMQ,4661,1630,1623,1910,1834,1654,1830,False
3391355,2010-09-10,LGA,ORD,AA,N498AA,343,1635,1633,1820,1816,1709,1808,False
3391356,2010-09-10,LGA,MEM,DL,N334NB,1473,1635,1632,1828,1825,1705,1822,False
3391357,2010-09-10,ATL,LGA,FL,N928AT,401,1639,1640,1849,1850,1659,1846,False
3391358,2010-09-10,ORD,LGA,AA,N481AA,356,1640,1637,1959,1929,1651,1924,False
3391359,2010-09-10,LGA,MIA,AA,N3BLAA,1559,1640,1638,2000,1936,1711,1924,False
3391360,2010-09-10,ATL,LGA,DL,N657DL,2386,1640,1638,1859,1905,1704,1852,False
3391361,2010-09-10,LGA,RDU,MQ,N730MQ,4482,1645,1643,1830,1833,1721,1829,False
3391362,2010-09-10,LGA,ORF,9E,84929E,3949,1650,1645,1834,1813,1718,1809,False
3391363,2010-09-10,LGA,IND,FL,N940AT,897,1659,1650,1912,1854,1713,1849,False
3391364,2010-09-10,LGA,ATL,DL,N672DL,2547,1700,1658,1940,1922,1733,1916,False
3391365,2010-09-10,MSY,LGA,DL,N371NB,2656,1700,1656,2106,2043,1708,2039,False
3391366,2010-09-10,DTW,LGA,MQ,N818MQ,4426,1700,1654,1855,1835,1707,1819,False
3391367,2010-09-10,CLE,LGA,MQ,N739MQ,4528,1700,1735,1845,1914,1754,1857,False
3391368,2010-09-10,LGA,ORD,UA,N851UA,689,1700,1735,1839,1915,1807,1910,False
3391369,2010-09-10,BOS,LGA,US,N950UW,2137,1700,1655,1815,1815,1729,1810,False
3391370,2010-09-10,DCA,LGA,US,N713UW,2180,1700,1659,1819,1816,1728,1811,False
3391371,2010-09-10,LGA,BOS,US,N948UW,2136,1700,1654,1812,1803,1719,1758,False
3391372,2010-09-10,LGA,DCA,US,N740UW,2183,1700,1652,1814,1809,1726,1807,False
3391373,2010-09-10,LGA,IAH,CO,N36207,1433,1705,1701,2006,2001,1729,1949,False
3391374,2010-09-10,CLT,LGA,MQ,N523MQ,4575,1705,1659,1859,1833,1715,1830,False
3391375,2010-09-10,ATL,LGA,MQ,N530MQ,4671,1705,1708,1935,1942,1724,1915,False
3391376,2010-09-10,JAX,LGA,OH,N669CA,6515,1705,1700,1930,1925,1712,1915,False
3391377,2010-09-10,ORD,LGA,UA,N821UA,690,1705,1658,2013,1947,1707,1938,False
3391378,2010-09-10,LGA,CLT,US,N195UW,1637,1707,1701,1910,1900,1731,1856,False
3391379,2010-09-10,MIA,LGA,AA,N3BCAA,1376,1710,1722,1959,2006,1735,2003,False
3391380,2010-09-10,MSP,LGA,DL,N911DA,2296,1710,1845,2112,2221,1859,2204,False
3391381,2010-09-10,CLE,LGA,XE,N13978,2001,1710,1707,1845,1825,1717,1820,False
3391382,2010-09-10,LGA,DFW,AA,N249AA,763,1715,1710,2020,1956,1736,1946,False
3391383,2010-09-10,DFW,LGA,AA,N456AA,744,1725,1722,2145,2125,1731,2120,False
3391384,2010-09-10,LGA,TPA,DL,N341NB,2353,1725,1723,2023,2000,1742,1957,False
3391385,2010-09-10,BOS,LGA,MQ,N725MQ,4506,1725,1740,1840,1904,1803,1845,False
3391386,2010-09-10,CMH,LGA,MQ,N724MQ,4518,1725,1720,1915,1852,1731,1843,False
3391387,2010-09-10,LGA,CVG,DL,N929DL,1420,1729,1726,1945,1926,1748,1918,False
3391388,2010-09-10,PBI,LGA,B6,N536JB,366,1730,1723,2014,2009,1735,1958,False
3391389,2010-09-10,LGA,BOS,DL,N329NB,1392,1730,1727,1854,1843,1749,1834,False
3391390,2010-09-10,BOS,LGA,DL,N368NB,1395,1730,1730,1842,1839,1753,1834,False
3391391,2010-09-10,IAD,LGA,EV,N667BR,7096,1730,1730,1900,1830,1742,1822,False
3391392,2010-09-10,LGA,DEN,F9,N201FR,511,1730,1720,1956,1944,1741,1937,False
3391393,2010-09-10,LGA,ORD,AA,N457AA,347,1735,1731,1920,1909,1800,1900,False
3391394,2010-09-10,ORD,LGA,AA,N437AA,352,1735,1731,2050,2019,1741,2012,False
3391395,2010-09-10,DTW,LGA,DL,N962DL,1548,1735,1732,1935,1914,1754,1905,False
3391396,2010-09-10,ORD,LGA,UA,N481UA,692,1736,1732,2044,2019,1743,2015,False
3391397,2010-09-10,IAH,LGA,CO,N17640,1632,1740,1735,2209,2207,1753,2200,False
3391398,2010-09-10,ATL,LGA,DL,N900PC,2586,1740,1738,2002,2009,1803,2001,False
3391399,2010-09-10,LGA,RDU,MQ,N738MQ,4429,1740,1732,1930,1905,1757,1902,False
3391400,2010-09-10,BWI,LGA,WN,N931WN,202,1740,1741,1855,1844,1753,1835,False
3391401,2010-09-10,LGA,ATL,FL,N925AT,422,1741,1744,2020,1954,1803,1944,False
3391402,2010-09-10,LGA,DTW,DL,N351NW,2331,1745,1732,1948,1931,1801,1922,False
3391403,2010-09-10,LGA,DEN,UA,N542UA,409,1746,1757,2011,2017,1821,2007,False
3391404,2010-09-10,DEN,LGA,UA,N824UA,753,1752,1749,2329,2313,1804,2310,False
3391405,2010-09-10,LGA,RIC,9E,89869E,3874,1755,9999,1940,9999,9999,9999,True
3391406,2010-09-10,BNA,LGA,AA,N421AA,1684,1755,1748,2100,2046,1758,2043,False
3391407,2010-09-10,LGA,PBI,DL,N326NB,2370,1755,1747,2058,2047,1826,2041,False
3391408,2010-09-10,PHF,LGA,FL,N929AT,283,1758,1750,1919,1940,1825,1920,False
3391409,2010-09-10,LGA,BOS,MQ,N717MQ,4473,1759,1755,1910,1859,1817,1855,False
3391410,2010-09-10,PWM,LGA,9E,89429E,4091,1800,1754,1930,1939,1820,1930,False
3391411,2010-09-10,LGA,MIA,AA,N5CVAA,2097,1800,1828,2115,2125,1901,2117,False
3391412,2010-09-10,LGA,ATL,DL,N640DL,2647,1800,1801,2050,2028,1833,2015,False
3391413,2010-09-10,RDU,LGA,MQ,N518MQ,4598,1800,1800,1940,1949,1816,1919,False
3391414,2010-09-10,BOS,LGA,US,N958UW,2139,1800,1754,1919,1929,1840,1924,False
3391415,2010-09-10,DCA,LGA,US,N768US,2182,1800,1754,1921,1926,1839,1921,False
3391416,2010-09-10,LGA,BOS,US,N953UW,2138,1800,1753,1916,1911,1826,1908,False
3391417,2010-09-10,LGA,DCA,US,N715UW,2185,1800,1755,1916,1901,1816,1859,False
3391418,2010-09-10,ORD,LGA,AA,N591AA,350,1805,1800,2120,2109,1823,2104,False
3391419,2010-09-10,FLL,LGA,B6,N595JB,378,1805,1800,2100,2059,1816,2054,False
3391420,2010-09-10,LGA,ORD,UA,N840UA,691,1805,1755,1940,1919,1812,1916,False
3391421,2010-09-10,ORD,LGA,UA,N852UA,836,1805,1802,2113,2054,1819,2050,False
3391422,2010-09-10,LGA,DFW,AA,N573AA,773,1810,1804,2105,2042,1824,2031,False
3391423,2010-09-10,LGA,MSP,DL,N369NB,2019,1810,1807,2016,2022,1840,2013,False
3391424,2010-09-10,LGA,CLE,MQ,N528MQ,4674,1810,1811,2000,1941,1830,1939,False
3391425,2010-09-10,ATL,LGA,FL,N986AT,365,1812,1805,2028,2021,1829,2017,False
3391426,2010-09-10,IND,LGA,OH,N641CA,6663,1813,1813,2015,2005,1827,1955,False
3391427,2010-09-10,LGA,CLE,CO,N36247,1651,1815,1811,1950,1954,1836,1948,False
3391428,2010-09-10,CLT,LGA,US,N179UW,1630,1815,1815,2012,2000,1835,1952,False
3391429,2010-09-10,DFW,LGA,AA,N582AA,762,1820,1816,2235,2227,1827,2221,False
3391430,2010-09-10,RDU,LGA,OH,N653CA,6523,1820,1815,2000,1956,1836,1945,False
3391431,2010-09-10,MDW,LGA,WN,N468WN,668,1820,1822,2135,2113,1829,2110,False
3391432,2010-09-10,LGA,MDW,WN,N389SW,2883,1825,1822,2005,1954,1857,1950,False
3391433,2010-09-10,LGA,FLL,B6,N547JB,381,1829,1843,2130,2129,1915,2125,False
3391434,2010-09-10,LEX,LGA,9E,80019E,3873,1830,1822,2045,2024,1839,2010,False
3391435,2010-09-10,LGA,BOS,DL,N337NB,1394,1830,1830,1944,1950,1902,1945,False
3391436,2010-09-10,BOS,LGA,DL,N360NB,1397,1830,1837,1942,1956,1911,1950,False
3391437,2010-09-10,TPA,LGA,DL,N909DE,2552,1830,1823,2116,2107,1837,2056,False
3391438,2010-09-10,LGA,MKE,FL,N935AT,513,1830,1820,1959,1939,1844,1935,False
3391439,2010-09-10,LGA,OMA,OH,N642CA,6269,1830,1820,2054,2047,1850,2040,False
3391440,2010-09-10,MIA,LGA,AA,N3DDAA,1876,1835,1842,2125,2123,1854,2119,False
3391441,2010-09-10,ATL,LGA,DL,N646DL,2686,1840,1840,2107,2056,1858,2045,False
3391442,2010-09-10,LGA,FLL,DL,N364NW,2779,1840,1838,2142,2133,1912,2131,False
3391443,2010-09-10,LGA,CRW,MQ,N720MQ,4517,1840,1835,2035,2023,1906,2018,False
3391444,2010-09-10,LGA,ATL,FL,N278AT,357,1843,1839,2129,2126,1910,2051,False
3391445,2010-09-10,LGA,DTW,DL,N336NB,2131,1845,1844,2050,2050,1916,2041,False
3391446,2010-09-10,LGA,ORD,AA,N523AA,353,1850,1842,2025,2013,1911,2008,False
3391447,2010-09-10,LGA,DFW,AA,N4WTAA,787,1855,1850,2145,2129,1921,2126,False
3391448,2010-09-10,IAH,LGA,CO,N35271,732,1855,1857,2318,2321,1912,2317,False
3391449,2010-09-10,MEM,LGA,DL,N357NB,2352,1855,1854,2235,2229,1912,2220,False
3391450,2010-09-10,MKE,LGA,FL,N169AT,225,1855,1855,2159,2152,1909,2146,False
3391451,2010-09-10,LGA,RDU,MQ,N514MQ,4612,1855,1850,2045,2030,1923,2027,False
3391452,2010-09-10,PBI,LGA,DL,N916DL,1142,1859,1844,2200,2143,1900,2128,False
3391453,2010-09-10,FLL,LGA,DL,N910DL,1898,1859,1843,2200,2120,1852,2115,False
3391454,2010-09-10,LGA,JAX,DL,N352NB,2187,1859,1851,2148,2125,1933,2118,False
3391455,2010-09-10,LGA,CLT,US,N540UW,1857,1859,1856,2104,2059,1936,2054,False
3391456,2010-09-10,LGA,IAH,CO,N76516,233,1900,1853,2150,2150,1934,2139,False
3391457,2010-09-10,LGA,ATL,DL,N623DL,2747,1900,1850,2149,2142,1930,2110,False
3391458,2010-09-10,RDU,LGA,MQ,N730MQ,4475,1900,1859,2045,2037,1927,2032,False
3391459,2010-09-10,LGA,BOS,MQ,N736MQ,4489,1900,1855,2015,2020,1940,2016,False
3391460,2010-09-10,CLT,LGA,MQ,N527MQ,4580,1900,1850,2100,2025,1904,2020,False
3391461,2010-09-10,LGA,RDU,OH,N369CA,6508,1900,1857,2108,2055,1941,2050,False
3391462,2010-09-10,CMH,LGA,OH,N378CA,6535,1900,1855,2045,2040,1916,2020,False
3391463,2010-09-10,BOS,LGA,US,N948UW,2141,1900,1854,2018,2010,1919,2006,False
3391464,2010-09-10,DCA,LGA,US,N740UW,2184,1900,1856,2025,2007,1919,1959,False
3391465,2010-09-10,LGA,BOS,US,N950UW,2140,1900,1852,2014,2009,1926,2004,False
3391466,2010-09-10,LGA,DCA,US,N713UW,2187,1900,1852,2016,2012,1925,2009,False
3391467,2010-09-10,ORD,LGA,AA,N251AA,348,1905,1859,2215,2147,1914,2144,False
3391468,2010-09-10,MSP,LGA,DL,N912DE,1596,1905,1903,2248,2249,1938,2242,False
3391469,2010-09-10,LGA,ORD,UA,N850UA,693,1905,1903,2044,2042,1943,2037,False
3391470,2010-09-10,ORD,LGA,UA,N472UA,696,1905,1903,2213,2154,1915,2148,False
3391471,2010-09-10,MCO,LGA,B6,N643JB,394,1908,1903,2144,2126,1914,2124,False
3391472,2010-09-10,ORF,LGA,9E,89609E,3658,1910,1902,2040,2044,1928,2027,False
3391473,2010-09-10,DFW,LGA,AA,N463AA,766,1910,1915,2325,2319,1923,2316,False
3391474,2010-09-10,STL,LGA,AA,N4XNAA,1060,1910,1908,2225,2214,1917,2208,False
3391475,2010-09-10,LGA,BNA,AA,N453AA,1551,1910,1854,2040,2036,1938,2029,False
3391476,2010-09-10,LGA,MCO,DL,N358NW,1485,1915,1948,2211,2238,2029,2229,False
3391477,2010-09-10,ORD,LGA,AA,N465AA,346,1920,1912,2220,2222,1940,2212,False
3391478,2010-09-10,ATL,LGA,FL,N267AT,364,1920,1919,2129,2126,1935,2122,False
3391479,2010-09-10,DTW,LGA,DL,N924DL,158,1925,1924,2130,2106,1943,2058,False
3391480,2010-09-10,LGA,CMH,MQ,N818MQ,4555,1925,1950,2120,2203,2041,2200,False
3391481,2010-09-10,LGA,MDW,WN,N931WN,1066,1925,1920,2110,2045,1955,2041,False
3391482,2010-09-10,LGA,BOS,DL,N368NB,1396,1929,1931,2048,2043,1959,2036,False
3391483,2010-09-10,LGA,PHF,FL,N928AT,915,1929,1923,2057,2053,1954,2044,False
3391484,2010-09-10,LGA,CLE,XE,N13978,3087,1929,1919,2111,2101,1951,2057,False
3391485,2010-09-10,BOS,LGA,DL,N329NB,1399,1930,1926,2036,2046,1956,2040,False
3391486,2010-09-10,CVG,LGA,OH,N656CA,6379,1930,1925,2135,2127,1946,2113,False
3391487,2010-09-10,LGA,IAD,EV,N667BR,7096,1933,1930,2059,2101,2004,2052,False
3391488,2010-09-10,LGA,ORD,AA,N491AA,363,1935,1930,2115,2053,1956,2048,False
3391489,2010-09-10,MCO,LGA,DL,N933DL,1976,1935,1928,2214,2222,1940,2149,False
3391490,2010-09-10,BOS,LGA,MQ,N717MQ,4490,1935,1930,2050,2101,2014,2057,False
3391491,2010-09-10,ATL,LGA,DL,N688DL,2786,1940,1934,2200,2201,2005,2152,False
3391492,2010-09-10,LGA,CLT,MQ,N523MQ,4584,1940,1938,2150,2131,2008,2127,False
3391493,2010-09-10,ATL,LGA,MQ,N9EAMQ,4663,1940,1932,2155,2142,1958,2138,False
3391494,2010-09-10,LGA,MKE,F9,N928FR,975,1959,1944,2134,2123,2025,2117,False
3391495,2010-09-10,LGA,CAK,FL,N929AT,208,1959,2011,2142,2200,2051,2155,False
3391496,2010-09-10,LGA,ATL,DL,N657DL,2847,2000,1950,2235,2229,2045,2220,False
3391497,2010-09-10,LGA,DTW,MQ,N806MQ,4390,2000,1957,2205,2214,2046,2208,False
3391498,2010-09-10,RDU,LGA,MQ,N738MQ,4445,2000,1953,2145,2116,2007,2112,False
3391499,2010-09-10,LGA,CLE,MQ,N733MQ,4491,2000,1954,2150,2147,2036,2143,False
3391500,2010-09-10,LGA,ORD,UA,N814UA,695,2000,1954,2139,2129,2028,2122,False
3391501,2010-09-10,BOS,LGA,US,N953UW,2143,2000,1949,2113,2105,2017,2101,False
3391502,2010-09-10,DCA,LGA,US,N715UW,2186,2000,1954,2124,2112,2026,2108,False
3391503,2010-09-10,LGA,BOS,US,N958UW,2142,2000,1954,2115,2119,2037,2115,False
3391504,2010-09-10,LGA,DCA,US,N768US,2189,2000,1954,2117,2117,2033,2112,False
3391505,2010-09-10,LGA,MIA,AA,N5EKAA,1709,2005,2110,2310,2345,2129,2339,False
3391506,2010-09-10,CLT,LGA,US,N536UW,1124,2005,2001,2157,2200,2033,2155,False
3391507,2010-09-10,MIA,LGA,AA,N5DNAA,1226,2010,2039,2300,2319,2051,2313,False
3391508,2010-09-10,LGA,CVG,OH,N669CA,6376,2010,2010,2239,2246,2115,2238,False
3391509,2010-09-10,LGA,ATL,MQ,N518MQ,4662,2020,2027,2305,2248,2106,2243,False
3391510,2010-09-10,MDW,LGA,WN,N204WN,164,2020,2019,2325,2257,2026,2254,False
3391511,2010-09-10,LGA,GSP,9E,89429E,3903,2030,2025,2250,2241,2114,2236,False
3391512,2010-09-10,ORD,LGA,AA,N454AA,336,2030,2028,2330,2322,2048,2320,False
3391513,2010-09-10,LGA,STL,AA,N468AA,2019,2030,2020,2210,2207,2055,2204,False
3391514,2010-09-10,FLL,LGA,B6,N589JB,382,2030,2020,2314,2307,2042,2304,False
3391515,2010-09-10,LGA,BOS,DL,N346NB,1398,2030,2026,2148,2134,2052,2129,False
3391516,2010-09-10,LGA,CMH,MQ,N728MQ,4496,2030,2034,2225,2237,2117,2233,False
3391517,2010-09-10,ORD,LGA,UA,N418UA,694,2030,2026,2335,2311,2037,2306,False
3391518,2010-09-10,LGA,MSY,DL,N360NB,2483,2035,2116,2307,2305,2132,2303,False
3391519,2010-09-10,ATL,LGA,DL,N501US,2886,2040,2041,2258,2319,2123,2308,False
3391520,2010-09-10,LGA,ORF,OH,N653CA,6707,2045,2035,2218,2223,2117,2204,False
3391521,2010-09-10,ATL,LGA,FL,N975AT,358,2055,2050,2303,2303,2114,2258,False
3391522,2010-09-10,LGA,ORD,AA,N481AA,371,2100,2046,2230,2215,2118,2211,False
3391523,2010-09-10,LGA,DFW,AA,N3DNAA,791,2100,2052,2350,2330,2121,2326,False
3391524,2010-09-10,LGA,MCO,B6,N536JB,399,2100,2052,2342,2334,2125,2326,False
3391525,2010-09-10,LGA,ATL,DL,N900PC,2947,2100,2056,2327,2316,2127,2307,False
3391526,2010-09-10,DCA,LGA,US,N713UW,2188,2100,2057,2209,2202,2118,2158,False
3391527,2010-09-10,LGA,BOS,US,N948UW,2144,2100,2051,2210,2201,2123,2158,False
3391528,2010-09-10,LGA,DCA,US,N740UW,2191,2100,2051,2212,2200,2118,2157,False
3391529,2010-09-10,LGA,RIC,OH,N641CA,6299,2115,2110,2250,2245,2138,2235,False
3391530,2010-09-10,LGA,TYS,9E,89609E,4033,2125,2111,2330,2312,2135,2308,False
3391531,2010-09-10,LGA,PWM,9E,80019E,4133,2125,2112,2245,2232,2133,2223,False
3391532,2010-09-10,DTW,LGA,DL,N335NB,1448,2130,2130,2315,2302,2148,2256,False
3391533,2010-09-10,LGA,BHM,OH,N378CA,6520,2130,2130,2306,2251,2156,2246,False
3391534,2010-09-10,ATL,LGA,DL,N6715C,2986,2140,2125,2356,2349,2145,2331,False
3391535,2010-09-10,LGA,FLL,B6,N595JB,383,2145,2137,29,9,2153,5,False
3391536,2010-09-10,IAD,LGA,UA,N431UA,328,2200,2155,2311,2251,2209,2249,False
3391537,2010-09-10,CLT,LGA,US,N744P,1632,2206,2205,2345,2341,2217,2336,False
3391538,2010-09-10,PHL,LGA,US,N944UW,1290,2250,2250,2339,2350,2318,2345,False
